1 1 0.0
1 2 86.68333173107735
1 3 49.49747468305833
1 4 32.31098884280702
1 5 51.86520991955976
1 6 10.44030650891055
1 7 72.01388754955533
1 8 64.88451279003334
1 9 57.07889277132134
1 10 52.839379254491625
1 11 70.09279563550022
1 12 22.360679774997898
1 13 41.88078318274385
1 14 44.68780594300866
1 15 28.0178514522438
1 16 62.39390995922599
1 17 25.612496949731394
1 18 13.0
1 19 45.5411901469428
1 20 44.28317965096906
1 21 11.661903789690601
1 22 74.62573282722254
1 23 63.56099432828282
1 24 23.345235059857504
1 25 26.30589287593181
1 26 33.83784863137726
1 27 57.4543296888929
1 28 9.848857801796104
1 29 71.47027354082255
1 30 19.4164878389476
1 31 82.46211251235322
1 32 29.0
1 33 46.647615158762406
1 34 59.81638571495272
1 35 31.304951684997057
1 36 49.03060268852505
1 37 30.610455730027933
1 38 75.28612089887484
1 39 36.61966684720111
1 40 60.92618484691127
1 41 34.438350715445125
1 42 73.43023900274328
1 43 43.139309220245984
1 44 46.61544808322666
1 45 32.2490309931942
1 46 32.01562118716424
1 47 22.47220505424423
1 48 57.697486947006624
1 49 37.48332962798263
1 50 65.45991139621256
1 51 28.30194339616981
1 52 53.71219600798314
1 53 22.20360331117452
1 54 33.06055050963308
1 55 65.05382386916237
1 56 72.71863585079137
1 57 49.24428900898052
1 58 32.0624390837628
1 59 51.66236541235796
1 60 20.615528128088304
1 61 49.8196748283246
1 62 10.816653826391969
1 63 69.20260110718382
1 64 26.419689627245813
1 65 33.61547262794322
1 66 35.17101079013795
1 67 52.15361924162119
1 68 71.50524456289902
1 69 46.22769732530488
1 70 25.45584412271571
1 71 18.439088914585774
1 72 14.866068747318506
1 73 67.54257916307313
1 74 31.304951684997057
1 75 24.515301344262525
1 76 23.08679276123039
1 77 34.0
1 78 73.24616030891995
1 79 26.1725046566048
1 80 36.22154055254967
1 81 60.60528029800704
1 82 63.7808748764079
1 83 42.42640687119285
1 84 70.76722405181653
1 85 54.120236510939236
1 86 56.0357029044876
1 87 37.0
1 88 25.238858928247925
1 89 54.20332093147061
1 90 51.0098029794274
2 1 86.68333173107735
2 2 0.0
2 3 37.73592452822641
2 4 82.86132994346639
2 5 39.84971769034255
2 6 95.524865872714
2 7 86.02325267042627
2 8 26.0
2 9 52.952809179494906
2 10 83.67795408588812
2 11 17.0
2 12 80.2122185206219
2 13 84.30895563343196
2 14 43.41658669218482
2 15 71.30918594402827
2 16 78.5175139698144
2 17 95.34149149242423
2 18 91.28526715741155
2 19 74.67261881037788
2 20 45.0
2 21 89.1403387922662
2 22 15.524174696260024
2 23 30.364452901377952
2 24 73.60027173862879
2 25 69.35416353759881
2 26 83.64807230295268
2 27 30.805843601498726
2 28 89.80534505250787
2 29 33.015148038438355
2 30 102.55242561733974
2 31 4.242640687119285
2 32 71.8679344353238
2 33 41.10960958218893
2 34 31.04834939252005
2 35 59.481089431852205
2 36 67.72001181334805
2 37 116.77756633874505
2 38 19.235384061671343
2 39 50.24937810560445
2 40 32.89376840679705
2 41 53.81449618829484
2 42 19.235384061671343
2 43 43.829214001622255
2 44 43.46262762420146
2 45 81.00617260431454
2 46 104.29285689825551
2 47 78.00640999302557
2 48 42.1070065428546
2 49 63.60031446463138
2 50 30.01666203960727
2 51 58.728187440104094
2 52 79.07591289387686
2 53 72.00694410957877
2 54 68.62215385719105
2 55 22.847319317591726
2 56 17.72004514666935
2 57 56.43580423808985
2 58 111.04053313993049
2 59 36.235341863986875
2 60 100.34440691936945
2 61 58.309518948453004
2 62 84.17244204607586
2 63 17.69180601295413
2 64 94.86832980505137
2 65 101.54801819828883
2 66 72.00694410957877
2 67 40.52159917870962
2 68 19.1049731745428
2 69 89.5377015563835
2 70 61.40032573203501
2 71 85.42833253669417
2 72 72.00694410957877
2 73 84.2140130857092
2 74 115.97413504743201
2 75 73.81734213584231
2 76 72.44998274671983
2 77 64.1404708432983
2 78 21.095023109728988
2 79 103.23274674249446
2 80 73.49829930005184
2 81 26.1725046566048
2 82 23.021728866442675
2 83 65.92419889539804
2 84 19.235384061671343
2 85 82.05485969764375
2 86 58.05170109479997
2 87 81.49233092751734
2 88 87.84645695758026
2 89 36.05551275463989
2 90 66.12110101926616
3 1 49.49747468305833
3 2 37.73592452822641
3 3 0.0
3 4 47.265209192385896
3 5 10.0
3 6 58.89821729050889
3 7 72.49827584156743
3 8 22.360679774997898
3 9 38.8329756778952
3 10 61.98386886924694
3 11 20.808652046684813
3 12 47.43416490252569
3 13 58.0
3 14 6.082762530298219
3 15 34.713109915419565
3 16 62.39390995922599
3 17 58.18934610390462
3 18 55.758407437802596
3 19 43.174066289845804
3 20 16.76305461424021
3 21 53.53503525729669
3 22 28.442925306655784
3 23 24.698178070456937
3 24 40.80441152620633
3 25 32.28002478313795
3 26 54.45181356024793
3 27 14.866068747318506
3 28 53.823786563191554
3 29 35.4682957019364
3 30 66.61080993352356
3 31 33.61547262794322
3 32 35.510561809129406
3 33 12.083045973594572
3 34 12.165525060596439
3 35 22.135943621178654
3 36 46.84015371452148
3 37 79.98124780221924
3 38 26.419689627245813
3 39 14.866068747318506
3 40 23.706539182259394
3 41 20.396078054371138
3 42 29.017236257093817
3 43 6.4031242374328485
3 44 8.54400374531753
3 45 51.478150704935004
3 46 71.30918594402827
3 47 45.221676218380054
3 48 19.72308292331602
3 49 29.068883707497267
3 50 19.1049731745428
3 51 22.825424421026653
3 52 58.69412236331676
3 53 34.539832078341085
3 54 33.06055050963308
3 55 15.556349186104045
3 56 27.16615541441225
3 57 27.294688127912362
3 58 76.53757247260981
3 59 3.0
3 60 62.64982043070834
3 61 29.5296461204668
3 62 48.54894437575342
3 63 21.18962010041709
3 64 62.03224967708329
3 65 69.57010852370435
3 66 44.01136216933077
3 67 11.40175425099138
3 68 22.20360331117452
3 69 64.00781202322104
3 70 24.041630560342615
3 71 51.478150704935004
3 72 34.655446902326915
3 73 69.07966415668217
3 74 79.81227975693966
3 75 41.48493702538308
3 76 35.11409973215888
3 77 35.014282800023196
3 78 24.596747752497688
3 79 68.8839603971781
3 80 39.01281840626232
3 81 13.152946437965905
3 82 14.7648230602334
3 83 41.593268686170845
3 84 21.400934559032695
3 85 52.81098370604357
3 86 42.5440947723653
3 87 47.0
3 88 50.96076922496363
3 89 8.246211251235321
3 90 37.57658845611187
4 1 32.31098884280702
4 2 82.86132994346639
4 3 47.265209192385896
4 4 0.0
4 5 43.01162633521314
4 6 41.0
4 7 98.2344135219425
4 8 69.00724599634447
4 9 74.09453421137081
4 10 80.62257748298549
4 11 66.21933252457322
4 12 51.22499389946279
4 13 70.83784299369935
4 14 41.19465984809196
4 15 13.152946437965905
4 16 87.80091115700337
4 17 16.1245154965971
4 18 45.31004303683677
4 19 15.811388300841896
4 20 53.150729063673246
4 21 43.86342439892262
4 22 75.66372975210778
4 23 70.11419257183242
4 24 48.79549159502341
4 25 16.492422502470642
4 26 63.25345840347388
4 27 61.0
4 28 42.15447781671598
4 29 80.39900496896712
4 30 49.64876634922564
4 31 79.12016177940993
4 32 12.041594578792296
4 33 52.3450093132096
4 34 51.86520991955976
4 35 26.076809620810597
4 36 72.11102550927978
4 37 54.45181356024793
4 38 66.2117814289874
4 39 42.95346318982906
4 40 68.26419266350405
4 41 45.5411901469428
4 42 76.23647421018367
4 43 43.0
4 44 39.81205847478876
4 45 60.959002616512684
4 46 64.19501538281614
4 47 50.32891812864648
4 48 43.04648650006177
4 49 19.313207915827967
4 50 54.56189146281496
4 51 39.0
4 52 80.15609770940699
4 53 17.0
4 54 14.317821063276353
4 55 60.166435825965294
4 56 74.43117626371358
4 57 29.206163733020468
4 58 62.80127387243033
4 59 47.67598976424087
4 60 26.248809496813376
4 61 28.319604517012593
4 62 41.677331968349414
4 63 68.06614430096654
4 64 58.60034129593445
4 65 65.92419889539804
4 66 60.30754513325841
4 67 42.37924020083418
4 68 64.25729530566937
4 69 76.05918747922567
4 70 32.31098884280702
4 71 49.39635614091387
4 72 29.068883707497267
4 73 93.86160024205851
4 74 58.034472514187634
4 75 50.20956084253277
4 76 15.652475842498529
4 77 54.91812087098393
4 78 63.97655820689325
4 79 57.97413216254298
4 80 10.0
4 81 60.40695324215582
4 82 61.18823416311342
4 83 64.89992295835181
4 84 63.90618123468183
4 85 22.20360331117452
4 86 75.15317691222374
4 87 5.0
4 88 9.219544457292887
4 89 46.84015371452148
4 90 24.698178070456937
5 1 51.86520991955976
5 2 39.84971769034255
5 3 10.0
5 4 43.01162633521314
5 5 0.0
5 6 61.91122676865643
5 7 82.29216244576394
5 8 30.463092423455635
5 9 48.82622246293481
5 10 71.06335201775947
5 11 23.345235059857504
5 12 53.75872022286245
5 13 66.27216610312357
5 14 9.0
5 15 31.76476034853718
5 16 72.09022125087424
5 17 55.94640292279746
5 18 60.00833275470999
5 19 36.05551275463989
5 20 26.40075756488817
5 21 57.77542730261716
5 22 34.132096331752024
5 23 33.61547262794322
5 24 47.38143096192854
5 25 30.23243291566195
5 26 62.00806399170998
5 27 23.853720883753127
5 28 57.697486947006624
5 29 44.294469180700204
5 30 70.2353187506115
5 31 36.138621999185304
5 32 32.202484376209235
5 33 21.95449840010015
5 34 8.94427190999916
5 35 21.213203435596427
5 36 56.302753041036986
5 37 82.41965784932621
5 38 24.20743687382041
5 39 22.02271554554524
5 40 33.015148038438355
5 41 28.071337695236398
5 42 35.6931365951495
5 43 13.152946437965905
5 44 5.385164807134504
5 45 59.00847396772772
5 46 76.92203845452875
5 47 51.62363799656123
5 48 9.848857801796104
5 49 23.769728648009426
5 50 13.601470508735444
5 51 28.442925306655784
5 52 68.00735254367721
5 53 33.421549934136806
5 54 28.792360097775937
5 55 17.26267650163207
5 56 33.37663853655727
5 57 18.681541692269406
5 58 81.15417426109393
5 59 7.810249675906654
5 60 62.00806399170998
5 61 20.8806130178211
5 62 52.92447448959697
5 63 26.019223662515376
5 64 67.91170738539859
5 65 75.7099729229908
5 66 52.23983154643591
5 67 1.4142135623730951
5 68 21.470910553583888
5 69 72.3394774656273
5 70 27.313000567495326
5 71 57.0087712549569
5 72 37.21558813185679
5 73 78.79086241436883
5 74 83.00602387778854
5 75 48.25971404805462
5 76 33.60059523282288
5 77 43.289721643826724
5 78 22.02271554554524
5 79 73.7360156233031
5 80 33.734255586866
5 81 19.924858845171276
5 82 19.026297590440446
5 83 50.695167422546305
5 84 21.02379604162864
5 85 44.91102314577124
5 86 52.478567053607705
5 87 41.773197148410844
5 88 48.30113870293329
5 89 4.0
5 90 29.120439557122072
6 1 10.44030650891055
6 2 95.524865872714
6 3 58.89821729050889
6 4 41.0
6 5 61.91122676865643
6 6 0.0
6 7 71.16881339463234
6 8 72.67048919609665
6 9 61.39218191268331
6 10 51.54609587543949
6 11 79.20858539325141
6 12 23.0
6 13 40.162171256046406
6 14 54.405882034941776
6 15 38.2099463490856
6 16 62.369864518050704
6 17 31.064449134018133
6 18 8.246211251235321
6 19 55.14526271584895
6 20 51.86520991955976
6 21 9.0
6 22 82.80096617793781
6 23 70.83078426785913
6 24 26.68332812825267
6 25 36.6742416417845
6 26 32.28002478313795
6 27 65.60487786742691
6 28 7.0710678118654755
6 29 77.87810988975015
6 30 9.055385138137417
6 31 91.28526715741155
6 32 39.11521443121589
6 33 54.817880294662984
6 34 69.63476143421474
6 35 41.6293165929973
6 36 51.0
6 37 21.2602916254693
6 38 85.0
6 39 45.27692569068709
6 40 68.09552114493287
6 41 42.20189569201838
6 42 81.27115109311545
6 43 52.49761899362675
6 44 56.60388679233962
6 45 31.575306807693888
6 46 23.706539182259394
6 47 24.08318915758459
6 48 68.0294054067798
6 49 47.853944456021594
6 50 75.47184905645283
6 51 36.796738985948195
6 52 53.36665625650534
6 53 32.55764119219941
6 54 43.289721643826724
6 55 74.41102068914255
6 56 80.80222769206304
6 57 59.665735560705194
6 58 22.02271554554524
6 59 61.220911460055866
6 60 22.67156809750927
6 61 60.207972893961475
6 62 12.649110640673518
6 63 77.89736837660179
6 64 20.615528128088304
6 65 26.40075756488817
6 66 37.013511046643494
6 67 62.26556030423239
6 68 81.05553651663777
6 69 43.382023926967726
6 70 35.0
6 71 17.11724276862369
6 72 24.698178070456937
6 73 66.76076692189807
6 74 21.095023109728988
6 75 27.459060435491963
6 76 33.37663853655727
6 77 38.3275357934736
6 78 83.00602387778854
6 79 17.08800749063506
6 80 46.010868281309364
6 81 69.35416353759881
6 82 72.83543093852057
6 83 45.17742799230607
6 84 80.2807573457052
6 85 63.150613615387776
6 86 59.53990258641679
6 87 45.89117562233506
6 88 32.89376840679705
6 89 64.07027391856539
6 90 61.1310068623117
7 1 72.01388754955533
7 2 86.02325267042627
7 3 72.49827584156743
7 4 98.2344135219425
7 5 82.29216244576394
7 6 71.16881339463234
7 7 0.0
7 8 62.51399843235114
7 9 34.92849839314596
7 10 19.6468827043885
7 11 79.07591289387686
7 12 49.658836071740545
7 13 31.04834939252005
7 14 74.30343195303969
7 15 87.04596486914255
7 16 10.63014581273465
7 17 97.12878049270464
7 18 62.93647591023825
7 19 104.6900186264192
7 20 55.90169943749474
7 21 62.625873247404705
7 22 71.02816342831905
7 23 57.42821606144492
7 24 49.92995093127971
7 25 83.48652585896721
7 26 38.897300677553446
7 27 63.06346010171025
7 28 64.8459713474939
7 29 53.08483775994799
7 30 70.03570517957252
7 31 83.00602387778854
7 32 88.45903006477066
7 33 60.41522986797286
7 34 82.87339742040264
7 35 77.98717843338096
7 36 27.018512172212592
7 37 84.29116205154607
7 38 90.60905032059435
7 39 62.68173577685928
7 40 55.731499172371095
7 41 57.201398584300364
7 42 67.00746227100382
7 43 69.83552104767315
7 44 78.77182237323191
7 45 39.92492955535426
7 46 57.0
7 47 49.64876634922564
7 48 92.13576938409967
7 49 90.02777349240623
7 50 89.49301648732151
7 51 61.61980201201558
7 52 18.35755975068582
7 53 81.5659242576212
7 54 89.80534505250787
7 55 79.30952023559341
7 56 69.06518659932803
7 57 95.69221493935649
7 58 67.00746227100382
7 59 75.23961722390672
7 60 92.30926280715278
7 61 97.65244492586962
7 62 61.326992425847855
7 63 73.68174807915459
7 64 52.61178575186362
7 65 52.0
7 66 38.01315561749642
7 67 83.6301381082203
7 68 85.70297544426332
7 69 29.068883707497267
7 70 67.89698078707183
7 71 54.42425929675111
7 72 69.20260110718382
7 73 4.47213595499958
7 74 79.05694150420949
7 75 48.54894437575342
7 76 82.97590011563598
7 77 43.840620433565945
7 78 90.02777349240623
7 79 62.20128616033595
7 80 96.17692030835673
7 81 70.09279563550022
7 82 74.95331880577403
7 83 33.97057550292606
7 84 84.72307831990054
7 85 115.27792503337315
7 86 30.364452901377952
7 87 101.41498903022176
7 88 94.57801012920498
7 89 80.62257748298549
7 90 104.01922899156675
8 1 64.88451279003334
8 2 26.0
8 3 22.360679774997898
8 4 69.00724599634447
8 5 30.463092423455635
8 6 72.67048919609665
8 7 62.51399843235114
8 8 0.0
8 9 28.0
8 10 58.05170109479997
8 11 16.76305461424021
8 12 55.226805085936306
8 13 58.309518948453004
8 14 28.160255680657446
8 15 56.08029957123981
8 16 54.00925846556311
8 17 78.44743462982075
8 18 67.47592163134935
8 19 65.5133574166368
8 20 20.808652046684813
8 21 65.43699259593154
8 22 10.816653826391969
8 23 5.0990195135927845
8 24 48.79549159502341
8 25 53.23532661682466
8 26 57.8013840664737
8 27 8.06225774829855
8 28 66.40030120413611
8 29 14.212670403551895
8 30 78.87331614684399
8 31 22.135943621178654
8 32 57.0350769263968
8 33 18.384776310850235
8 34 25.612496949731394
8 35 43.104524124504614
8 36 41.97618372363071
8 37 93.81364506296512
8 38 28.460498941515414
8 39 28.792360097775937
8 40 7.0710678118654755
8 41 30.528675044947494
8 42 8.602325267042627
8 43 26.019223662515376
8 44 30.805843601498726
8 45 55.226805085936306
8 46 79.02531240052139
8 47 53.075418038862395
8 48 38.27531841800928
8 49 51.35172830587107
8 50 30.479501308256342
8 51 36.6742416417845
8 52 53.600373133029585
8 53 54.74486277268398
8 54 55.036351623268054
8 55 18.601075237738275
8 56 8.602325267042627
8 57 49.040799340956916
8 58 86.31338250816034
8 59 23.08679276123039
8 60 81.27115109311545
8 61 51.264022471905186
8 62 60.60528029800704
8 63 11.180339887498949
8 64 69.65629906907199
8 65 76.02631123499285
8 66 46.14108798023731
8 67 31.78049716414141
8 68 23.769728648009426
8 69 63.56886030125127
8 70 41.10960958218893
8 71 60.81118318204309
8 72 51.07837115648854
8 73 60.13318551349163
8 74 92.31467922275417
8 75 48.83646178829912
8 76 55.57877292636101
8 77 38.600518131237564
8 78 28.231188426986208
8 79 78.5175139698144
8 80 61.204574992397426
8 81 10.816653826391969
8 82 14.212670403551895
8 83 39.92492955535426
8 84 22.847319317591726
8 85 75.0
8 86 33.015148038438355
8 87 69.1158447825099
8 88 71.7007670809734
8 89 26.832815729997478
8 90 59.464274989274024
9 1 57.07889277132134
9 2 52.952809179494906
9 3 38.8329756778952
9 4 74.09453421137081
9 5 48.82622246293481
9 6 61.39218191268331
9 7 34.92849839314596
9 8 28.0
9 9 0.0
9 10 31.016124838541646
9 11 44.28317965096906
9 12 39.21734310225516
9 13 34.058772731852805
9 14 41.773197148410844
9 15 61.326992425847855
9 16 26.019223662515376
9 17 78.08969202141856
9 18 54.120236510939236
9 19 76.55063683601855
9 20 23.345235059857504
9 21 52.630789467763066
9 22 37.48332962798263
9 23 23.021728866442675
9 24 34.713109915419565
9 25 57.77542730261716
9 26 36.40054944640259
9 27 28.160255680657446
9 28 54.3415126767741
9 29 21.95449840010015
9 30 64.8459713474939
9 31 49.49747468305833
9 32 62.64982043070834
9 33 27.018512172212592
9 34 48.33218389437829
9 35 49.73932046178355
9 36 15.811388300841896
9 37 80.65358020571685
9 38 55.731499172371095
9 39 32.449961479175904
9 40 21.02379604162864
9 41 28.635642126552707
9 42 33.734255586866
9 43 37.48332962798263
9 44 46.09772228646444
9 45 34.66987164671943
9 46 59.64059020499378
9 47 37.64306044943742
9 48 58.52349955359813
9 49 61.29437168288782
9 50 54.78138369920935
9 51 35.11409973215888
9 52 26.248809496813376
9 53 57.245087125446844
9 54 62.64982043070834
9 55 44.384682042344295
9 56 35.35533905932738
9 57 64.35060217278468
9 58 68.60029154456998
9 59 41.340053217188775
9 60 77.02596964660685
9 61 66.48308055437865
9 62 48.83646178829912
9 63 39.05124837953327
9 64 51.10772935672255
9 65 55.60575509783138
9 66 25.942243542145693
9 67 50.21951811795888
9 68 50.80354318352215
9 69 38.27531841800928
9 70 41.78516483155236
9 71 45.5411901469428
9 72 47.67598976424087
9 73 32.2490309931942
9 74 77.47257579298626
9 75 33.95585369269929
9 76 58.52349955359813
9 77 23.194827009486403
9 78 55.10898293381942
9 79 61.29437168288782
9 80 69.35416353759881
9 81 35.17101079013795
9 82 40.024992192379
9 83 17.4928556845359
9 84 49.8196748283246
9 85 87.09190547921202
9 86 5.0990195135927845
9 87 76.05918747922567
9 88 73.24616030891995
9 89 46.647615158762406
9 90 73.7563556583431
10 1 52.839379254491625
10 2 83.67795408588812
10 3 61.98386886924694
10 4 80.62257748298549
10 5 71.06335201775947
10 6 51.54609587543949
10 7 19.6468827043885
10 8 58.05170109479997
10 9 31.016124838541646
10 10 0.0
10 11 73.24616030891995
10 12 30.528675044947494
10 13 11.40175425099138
10 14 62.36184731067546
10 15 70.2922470831599
10 16 12.36931687685298
10 17 78.23042886243178
10 18 43.32435804486894
10 19 88.60022573334675
10 20 45.39823785126467
10 21 43.08131845707603
10 22 68.15423684555495
10 23 53.36665625650534
10 24 31.827660925679098
10 25 66.84309986827361
10 26 19.313207915827967
10 27 56.08029957123981
10 28 45.31004303683677
10 29 52.80151512977634
10 30 50.48762224545735
10 31 80.049984384758
10 32 71.7007670809734
10 33 50.35871324805669
10 34 73.55270219373317
10 35 62.76941930590086
10 36 16.1245154965971
10 37 65.03076195155643
10 38 84.02380615040002
10 39 49.64876634922564
10 40 50.99019513592785
10 41 43.657759905886145
10 42 64.5600495662759
10 43 57.97413216254298
10 44 66.76076692189807
10 45 20.591260281974
10 46 38.3275357934736
10 47 30.805843601498726
10 48 80.77747210701756
10 49 74.62573282722254
10 50 80.50465825031493
10 51 46.52956049652737
10 52 5.0
10 53 64.4437739428721
10 54 73.60027173862879
10 55 72.0
10 56 65.96969000988257
10 57 81.85963596303125
10 58 48.373546489791295
10 59 64.93843238021688
10 60 72.91776189653656
10 61 83.6301381082203
10 62 42.05948168962618
10 63 68.59300255857006
10 64 33.13608305156178
10 65 33.37663853655727
10 66 20.808652046684813
10 67 72.27724399837061
10 68 79.02531240052139
10 69 10.44030650891055
10 70 52.15361924162119
10 71 34.92849839314596
10 72 51.62363799656123
10 73 15.297058540778355
10 74 60.03332407921454
10 75 30.4138126514911
10 76 65.85590330410783
10 77 28.635642126552707
10 78 83.0
10 79 43.0
10 80 79.64923100695951
10 81 63.0317380372777
10 82 68.0294054067798
10 83 20.396078054371138
10 84 78.02563681252464
10 85 99.02019995940222
10 86 26.0
10 87 84.17244204607586
10 88 76.21679604916491
10 89 70.21395872616783
10 90 89.1852005660132
11 1 70.09279563550022
11 2 17.0
11 3 20.808652046684813
11 4 66.21933252457322
11 5 23.345235059857504
11 6 79.20858539325141
11 7 79.07591289387686
11 8 16.76305461424021
11 9 44.28317965096906
11 10 73.24616030891995
11 11 0.0
11 12 65.36818798161687
11 13 72.03471385380801
11 14 26.419689627245813
11 15 54.42425929675111
11 16 70.25667228100119
11 17 78.39005038906404
11 18 75.43208866258443
11 19 59.033888572581766
11 20 30.463092423455635
11 21 73.24616030891995
11 22 13.038404810405298
11 23 21.840329667841555
11 24 58.66856057549052
11 25 52.392747589718944
11 26 70.22819946431775
11 27 17.26267650163207
11 28 73.7563556583431
11 29 29.68164415931166
11 30 86.55634003352961
11 31 13.0
11 32 55.02726596879042
11 33 25.942243542145693
11 34 15.0
11 35 42.485291572496
11 36 57.14017850864661
11 37 100.40916292848975
11 38 11.704699910719626
11 39 34.058772731852805
11 40 23.345235059857504
11 41 38.27531841800928
11 42 16.278820596099706
11 43 27.018512172212592
11 44 26.570660511172846
11 45 67.4166151627327
11 46 89.55445270895244
11 47 63.13477647065839
11 48 27.459060435491963
11 49 47.07440918375928
11 50 16.55294535724685
11 51 42.5205832509386
11 52 69.06518659932803
11 53 55.00909015790027
11 54 51.92301994298868
11 55 6.082762530298219
11 56 13.45362404707371
11 57 41.012193308819754
11 58 95.69221493935649
11 59 19.235384061671343
11 60 83.35466393669883
11 61 43.04648650006177
11 62 68.24954212300622
11 63 5.830951894845301
11 64 80.1311425102625
11 65 87.20665112249179
11 66 58.82176467941097
11 67 24.186773244895647
11 68 7.211102550927978
11 69 77.6659513557904
11 70 44.68780594300866
11 71 70.178344238091
11 72 55.31726674375732
11 73 76.53103945458993
11 74 99.90495483208028
11 75 59.0592922409336
11 76 55.46169849544819
11 77 50.32891812864648
11 78 11.661903789690601
11 79 87.92041856133307
11 80 57.0701322935211
11 81 10.770329614269007
11 82 6.4031242374328485
11 83 53.9351462406472
11 84 6.4031242374328485
11 85 67.1863081289633
11 86 49.16299421312742
11 87 65.11528238439882
11 88 70.9365914038728
11 89 19.4164878389476
11 90 51.15662224971465
12 1 22.360679774997898
12 2 80.2122185206219
12 3 47.43416490252569
12 4 51.22499389946279
12 5 53.75872022286245
12 6 23.0
12 7 49.658836071740545
12 8 55.226805085936306
12 9 39.21734310225516
12 10 30.528675044947494
12 11 65.36818798161687
12 12 0.0
12 13 19.849433241279208
12 14 44.91102314577124
12 15 42.485291572496
12 16 40.162171256046406
12 17 47.70744176750625
12 18 15.132745950421556
12 19 61.26989472816156
12 20 35.22782990761707
12 21 14.0
12 22 65.94694837519019
12 23 52.3450093132096
12 24 6.708203932499369
12 25 39.395431207184416
12 26 12.041594578792296
12 27 49.4064773081425
12 28 16.0312195418814
12 29 57.688820407423826
12 30 25.632011235952593
12 31 76.02631123499285
12 32 43.829214001622255
12 33 39.44616584663204
12 34 59.481089431852205
12 35 38.47076812334269
12 36 28.0
12 37 41.43669871020132
12 38 73.53910524340094
12 39 32.57299494980466
12 40 49.51767361255979
12 41 27.313000567495326
12 42 63.655321851358195
12 43 41.48493702538308
12 44 48.507731342539614
12 45 10.0
12 46 24.186773244895647
12 47 2.23606797749979
12 48 62.20128616033595
12 49 49.040799340956916
12 50 66.21933252457322
12 51 25.317977802344327
12 52 31.38470965295043
12 53 36.235341863986875
12 54 46.61544808322666
12 55 61.741396161732524
12 56 63.7808748764079
12 57 58.69412236331676
12 58 31.11269837220809
12 59 50.28916384272063
12 60 42.720018726587654
12 61 60.01666435249463
12 62 11.704699910719626
12 63 62.68173577685928
12 64 14.7648230602334
12 65 22.135943621178654
12 66 14.035668847618199
12 67 54.589376255824725
12 68 68.94200461257273
12 69 24.839484696748443
12 70 28.071337695236398
12 71 6.324555320336759
12 72 23.259406699226016
12 73 45.18849411078001
12 74 38.47076812334269
12 75 6.4031242374328485
12 76 37.589892258425
12 77 17.204650534085253
12 78 71.8679344353238
12 79 23.345235059857504
12 80 51.884487084291386
12 81 54.70831746635972
12 82 59.0592922409336
12 83 22.360679774997898
12 84 68.0294054067798
12 85 71.19691004531025
12 86 36.87817782917155
12 87 55.21775076911409
12 88 46.010868281309364
12 89 54.57105459856901
12 90 63.89053137985315
13 1 41.88078318274385
13 2 84.30895563343196
13 3 58.0
13 4 70.83784299369935
13 5 66.27216610312357
13 6 40.162171256046406
13 7 31.04834939252005
13 8 58.309518948453004
13 9 34.058772731852805
13 10 11.40175425099138
13 11 72.03471385380801
13 12 19.849433241279208
13 13 0.0
13 14 57.3149195236284
13 15 61.29437168288782
13 16 23.0
13 17 67.42403132415029
13 18 31.953090617340916
13 19 79.92496481075234
13 20 42.2965719651132
13 21 31.78049716414141
13 22 68.94200461257273
13 23 54.12947441089743
13 24 22.47220505424423
13 25 57.982756057296896
13 26 8.06225774829855
13 27 54.817880294662984
13 28 34.0147027033899
13 29 55.80322571321482
13 30 39.20459156782532
13 31 80.4114419718985
13 32 62.68173577685928
13 33 47.265209192385896
13 34 70.02856560004639
13 35 55.154328932550705
13 36 18.384776310850235
13 37 54.00925846556311
13 38 82.03657720797473
13 39 44.28317965096906
13 40 51.478150704935004
13 41 38.2099463490856
13 42 65.7419196555744
13 43 53.150729063673246
13 44 61.5223536610881
13 45 9.899494936611665
13 46 28.160255680657446
13 47 20.518284528683193
13 48 75.66372975210778
13 49 66.64082832618455
13 50 77.02596964660685
13 51 39.56008088970496
13 52 14.035668847618199
13 53 55.21775076911409
13 54 65.0
13 55 69.87131027825369
13 56 66.70832032063167
13 57 74.94664769020693
13 58 38.07886552931954
13 59 61.0
13 60 61.71709649683789
13 61 76.55063683601855
13 62 31.064449134018133
13 63 68.00735254367721
13 64 22.0
13 65 23.40939982143925
13 66 14.035668847618199
13 67 67.36467917239716
13 68 77.10382610480494
13 69 6.082762530298219
13 70 44.384682042344295
13 71 23.706539182259394
13 72 42.20189569201838
13 73 26.68332812825267
13 74 49.25444142409901
13 75 21.095023109728988
13 76 56.61271941887264
13 77 23.021728866442675
13 78 80.75270893288967
13 79 32.14031735997639
13 80 70.7248188403477
13 81 61.39218191268331
13 82 66.2872536767062
13 83 18.384776310850235
13 84 76.11832893594026
13 85 90.13878188659973
13 86 29.698484809834994
13 87 74.65252842335616
13 88 65.85590330410783
13 89 66.03029607687671
13 90 81.43709228600933
14 1 44.68780594300866
14 2 43.41658669218482
14 3 6.082762530298219
14 4 41.19465984809196
14 5 9.0
14 6 54.405882034941776
14 7 74.30343195303969
14 8 28.160255680657446
14 9 41.773197148410844
14 10 62.36184731067546
14 11 26.419689627245813
14 12 44.91102314577124
14 13 57.3149195236284
14 14 0.0
14 15 28.635642126552707
14 16 63.953107821277925
14 17 52.20153254455275
14 18 51.884487084291386
14 19 37.64306044943742
14 20 18.601075237738275
14 21 49.64876634922564
14 22 34.52535300326414
14 23 30.083217912982647
14 24 38.47076812334269
14 25 26.248809496813376
14 26 53.009433122794285
14 27 20.396078054371138
14 28 49.73932046178355
14 29 40.80441152620633
14 30 62.433965115151864
14 31 39.35733730830886
14 32 29.427877939124322
14 33 14.866068747318506
14 34 15.264337522473747
14 35 16.15549442140351
14 36 47.92702786528704
14 37 75.28612089887484
14 38 30.610455730027933
14 39 13.038404810405298
14 40 28.792360097775937
14 41 19.1049731745428
14 42 35.05709628591621
14 43 4.47213595499958
14 44 4.47213595499958
14 45 50.00999900019995
14 46 68.30812543175226
14 47 42.7551166528639
14 48 18.439088914585774
14 49 23.194827009486403
14 50 21.540659228538015
14 51 19.6468827043885
14 52 59.464274989274024
14 53 28.635642126552707
14 54 27.018512172212592
14 55 20.808652046684813
14 56 33.24154027718932
14 57 22.80350850198276
14 58 72.91776189653656
14 59 7.211102550927978
14 60 56.938563381947034
14 61 25.0
14 62 44.721359549995796
14 63 27.202941017470888
14 64 59.20304046246274
14 65 66.94027188471824
14 66 43.289721643826724
14 67 10.04987562112089
14 68 26.870057685088806
14 69 63.387695966961914
14 70 19.4164878389476
14 71 48.38388161361178
14 72 29.832867780352597
14 73 70.66116330771806
14 74 75.45197147855052
14 75 39.319206502675
14 76 29.154759474226502
14 77 34.36568055487916
14 78 28.600699292150182
14 79 65.39113089708727
14 80 33.06055050963308
14 81 19.235384061671343
14 82 20.615528128088304
14 83 42.05948168962618
14 84 26.1725046566048
14 85 47.53945729601885
14 86 45.0
14 87 41.012193308819754
14 88 44.9221548904324
14 89 9.848857801796104
14 90 32.7566787083184
15 1 28.0178514522438
15 2 71.30918594402827
15 3 34.713109915419565
15 4 13.152946437965905
15 5 31.76476034853718
15 6 38.2099463490856
15 7 87.04596486914255
15 8 56.08029957123981
15 9 61.326992425847855
15 10 70.2922470831599
15 11 54.42425929675111
15 12 42.485291572496
15 13 61.29437168288782
15 14 28.635642126552707
15 15 0.0
15 16 76.48529270389177
15 17 24.186773244895647
15 18 40.19950248448356
15 19 18.788294228055936
15 20 40.024992192379
15 21 38.3275357934736
15 22 63.150613615387776
15 23 57.0350769263968
15 24 38.8329756778952
15 25 3.605551275463989
15 26 54.20332093147061
15 27 48.041648597857254
15 28 37.12142238654117
15 29 67.26812023536856
15 30 47.265209192385896
15 31 67.4166151627327
15 32 1.4142135623730951
15 33 39.20459156782532
15 34 40.70626487409524
15 35 13.0
15 36 60.440052945046304
15 37 55.71355310873648
15 38 55.758407437802596
15 39 29.832867780352597
15 40 55.14526271584895
15 41 32.69556544854363
15 42 63.50590523722971
15 43 30.066592756745816
15 44 27.85677655436824
15 45 51.62363799656123
15 46 59.413803110051795
15 47 41.182520563948
15 48 33.94112549695428
15 49 10.295630140987
15 50 44.40720662234904
15 51 26.419689627245813
15 52 69.31089380465383
15 53 6.324555320336759
15 54 5.0990195135927845
15 55 48.46648326421054
15 56 61.814237842102365
15 57 22.360679774997898
15 58 60.07495318350236
15 59 35.4400902933387
15 60 31.144823004794873
15 61 22.47220505424423
15 62 34.92849839314596
15 63 55.78530272392541
15 64 52.392747589718944
15 65 60.207972893961475
15 66 49.57822102496216
15 67 31.38470965295043
15 68 53.23532661682466
15 69 66.88796603276258
15 70 19.72308292331602
15 71 42.05948168962618
15 72 19.235384061671343
15 73 82.75868534480233
15 74 57.97413216254298
15 75 40.22437072223753
15 76 5.0990195135927845
15 77 43.278170016764804
15 78 53.53503525729669
15 79 54.037024344425184
15 80 9.433981132056603
15 81 47.853944456021594
15 82 49.040799340956916
15 83 53.2634959423431
15 84 52.773099207835045
15 85 28.844410203711913
15 86 62.64982043070834
15 87 14.7648230602334
15 88 16.55294535724685
15 89 35.34119409414458
15 90 23.0
16 1 62.39390995922599
16 2 78.5175139698144
16 3 62.39390995922599
16 4 87.80091115700337
16 5 72.09022125087424
16 6 62.369864518050704
16 7 10.63014581273465
16 8 54.00925846556311
16 9 26.019223662515376
16 10 12.36931687685298
16 11 70.25667228100119
16 12 40.162171256046406
16 13 23.0
16 14 63.953107821277925
16 15 76.48529270389177
16 16 0.0
16 17 87.20665112249179
16 18 54.12947441089743
16 19 94.06912352095134
16 20 45.69463863518345
16 21 53.600373133029585
16 22 63.198101237299845
16 23 49.0
16 24 39.824615503479755
16 25 72.91776189653656
16 26 30.265491900843113
16 27 53.75872022286245
16 28 55.78530272392541
16 29 46.09772228646444
16 30 62.12889826803627
16 31 75.23961722390672
16 32 77.89736837660179
16 33 50.32891812864648
16 34 73.08214556237385
16 35 67.35725647619564
16 36 16.401219466856727
16 37 77.00649323271382
16 38 81.61494961096282
16 39 52.15361924162119
16 40 47.042533945356304
16 41 46.61544808322666
16 42 59.30430001273095
16 43 59.481089431852205
16 44 68.42514157822401
16 45 30.805843601498726
16 46 50.635955604688654
16 47 39.92492955535426
16 48 81.93900170248598
16 49 79.39773296511683
16 50 79.81227975693966
16 51 50.99019513592785
16 52 9.055385138137417
16 53 71.06335201775947
16 54 79.19595949289332
16 55 70.03570517957252
16 56 61.1310068623117
16 57 85.14693182963201
16 58 60.67124524847005
16 59 65.19202405202648
16 60 82.87339742040264
16 61 87.09190547921202
16 62 51.86520991955976
16 63 65.06919393998976
16 64 45.0
16 65 45.70557952810576
16 66 27.784887978899608
16 67 73.40980860893181
16 68 76.6550715869472
16 69 22.80350850198276
16 70 57.28001396647874
16 71 45.35416188179427
16 72 58.82176467941097
16 73 6.708203932499369
16 74 72.17340230306452
16 75 38.47076812334269
16 76 72.47068372797375
16 77 33.24154027718932
16 78 80.89499366462674
16 79 55.08175741568164
16 80 85.58621384311844
16 81 60.8276253029822
16 82 65.76473218982953
16 83 23.345235059857504
16 84 75.66372975210778
16 85 104.66135867644753
16 86 21.095023109728988
16 87 90.9065454189081
16 88 84.38009243891595
16 89 70.57619995437555
16 90 93.40770846134703
17 1 25.612496949731394
17 2 95.34149149242423
17 3 58.18934610390462
17 4 16.1245154965971
17 5 55.94640292279746
17 6 31.064449134018133
17 7 97.12878049270464
17 8 78.44743462982075
17 9 78.08969202141856
17 10 78.23042886243178
17 11 78.39005038906404
17 12 47.70744176750625
17 13 67.42403132415029
17 14 52.20153254455275
17 15 24.186773244895647
17 16 87.20665112249179
17 17 0.0
17 18 37.53664875824692
17 19 31.78049716414141
17 20 60.07495318350236
17 21 36.76955262170047
17 22 86.40023148117139
17 23 78.63841300535
17 24 47.4236228055175
17 25 26.0
17 26 59.405386961116584
17 27 70.40596565632774
17 28 34.655446902326915
17 29 88.20430828479978
17 30 38.48376280978771
17 31 91.3892772703669
17 32 23.853720883753127
17 33 60.530983801686226
17 34 64.88451279003334
17 35 36.05551275463989
17 36 72.80109889280519
17 37 40.01249804748511
17 38 79.92496481075234
17 39 50.24937810560445
17 40 76.4198926981712
17 41 51.0098029794274
17 42 86.34813257969161
17 43 52.88667128870941
17 44 51.894122981316485
17 45 57.688820407423826
17 46 54.70831746635972
17 47 47.50789408087881
17 48 57.62811813689564
17 49 33.421549934136806
17 50 68.5054742338158
17 51 44.01136216933077
17 52 78.77182237323191
17 53 23.769728648009426
17 54 27.80287754891569
17 55 72.49827584156743
17 56 84.8999411071645
17 57 44.553338819890925
17 58 51.264022471905186
17 59 59.23681287847955
17 60 11.0
17 61 43.93176527297759
17 62 36.40054944640259
17 63 79.37883848986453
17 64 51.088159097779204
17 65 57.42821606144492
17 66 59.50630218724736
17 67 55.569775957799216
17 68 77.41446893184762
17 69 71.84010022264724
17 70 38.05259518088089
17 71 44.04543109109048
17 72 30.4138126514911
17 73 92.66067126888301
17 74 44.40720662234904
17 75 48.75448697299562
17 76 23.08679276123039
17 77 56.32051136131489
17 78 77.69813382572325
17 79 47.885279575251516
17 80 25.612496949731394
17 81 71.16881339463234
17 82 72.80109889280519
17 83 65.7875368135941
17 84 76.94153624668537
17 85 36.345563690772494
17 86 78.10249675906654
17 87 20.615528128088304
17 88 7.810249675906654
17 89 59.481089431852205
17 90 40.8166632639171
18 1 13.0
18 2 91.28526715741155
18 3 55.758407437802596
18 4 45.31004303683677
18 5 60.00833275470999
18 6 8.246211251235321
18 7 62.93647591023825
18 8 67.47592163134935
18 9 54.120236510939236
18 10 43.32435804486894
18 11 75.43208866258443
18 12 15.132745950421556
18 13 31.953090617340916
18 14 51.884487084291386
18 15 40.19950248448356
18 16 54.12947441089743
18 17 37.53664875824692
18 18 0.0
18 19 58.249463516842795
18 20 46.75467891024384
18 21 2.23606797749979
18 22 77.89736837660179
18 23 65.21502894272147
18 24 19.697715603592208
18 25 38.01315561749642
18 26 24.041630560342615
18 27 60.8276253029822
18 28 3.1622776601683795
18 29 71.58910531638176
18 30 11.40175425099138
18 31 87.04596486914255
18 32 41.30375285612676
18 33 50.20956084253277
18 34 67.11929677819934
18 35 41.0
18 36 43.04648650006177
18 37 26.832815729997478
18 38 82.15229759416349
18 39 41.400483088968905
18 40 62.42595614005443
18 41 37.48332962798263
18 42 76.05918747922567
18 43 49.39635614091387
18 44 54.62600113499065
18 45 23.345235059857504
18 46 19.235384061671343
18 47 16.492422502470642
18 48 67.05221845696084
18 49 49.01020301937138
18 50 73.348483283569
18 51 33.015148038438355
18 52 45.12205669071391
18 53 34.058772731852805
18 54 45.09988913511872
18 55 71.02816342831905
18 56 75.82216034906945
18 57 60.29925372672534
18 58 21.18962010041709
18 59 58.309518948453004
18 60 30.23243291566195
18 61 61.1310068623117
18 62 7.211102550927978
18 63 73.59347797189639
18 64 13.601470508735444
18 65 20.615528128088304
18 66 29.154759474226502
18 67 60.53924347066124
18 68 77.93587107359485
18 69 35.35533905932738
18 70 32.69556544854363
18 71 9.0
18 72 23.53720459187964
18 73 58.52349955359813
18 74 24.839484696748443
18 75 20.248456731316587
18 76 35.12833614050059
18 77 31.38470965295043
18 78 80.26207074328447
18 79 14.142135623730951
18 80 48.83646178829912
18 81 65.19202405202648
18 82 69.02897942168927
18 83 37.48332962798263
18 84 77.10382610480494
18 85 67.05221845696084
18 86 51.97114584074513
18 87 49.9799959983992
18 88 38.07886552931954
18 89 61.71709649683789
18 90 63.12685640834652
19 1 45.5411901469428
19 2 74.67261881037788
19 3 43.174066289845804
19 4 15.811388300841896
19 5 36.05551275463989
19 6 55.14526271584895
19 7 104.6900186264192
19 8 65.5133574166368
19 9 76.55063683601855
19 10 88.60022573334675
19 11 59.033888572581766
19 12 61.26989472816156
19 13 79.92496481075234
19 14 37.64306044943742
19 15 18.788294228055936
19 16 94.06912352095134
19 17 31.78049716414141
19 18 58.249463516842795
19 19 0.0
19 20 53.71219600798314
19 21 56.515484603779164
19 22 70.178344238091
19 23 67.72001181334805
19 24 57.4543296888929
19 25 21.95449840010015
19 26 72.94518489934754
19 27 57.97413216254298
19 28 55.10898293381942
19 29 78.44743462982075
19 30 64.07027391856539
19 31 71.34423592694787
19 32 17.46424919657298
19 33 51.478150704935004
19 34 44.04543109109048
19 35 27.018512172212592
19 36 77.78174593052023
19 37 70.03570517957252
19 38 56.515484603779164
19 39 44.10215414239989
19 40 66.40783086353596
19 41 48.41487374764082
19 42 71.56814934033156
19 43 40.85339643163099
19 44 34.713109915419565
19 45 70.32780389006896
19 46 77.46612162745726
19 47 59.941638282582836
19 48 32.7566787083184
19 49 15.264337522473747
19 50 44.91102314577124
19 51 43.139309220245984
19 52 87.32124598286491
19 53 25.079872407968907
19 54 15.0
19 55 53.009433122794285
19 56 69.35416353759881
19 57 18.24828759089466
19 58 77.1621668954417
19 59 42.579337712087536
19 60 42.05948168962618
19 61 16.492422502470642
19 62 53.45091205957107
19 63 62.07253821135398
19 64 70.8801805866774
19 65 78.587530817554
19 66 67.80117993073571
19 67 35.014282800023196
19 68 55.57877292636101
19 69 85.58621384311844
19 70 36.796738985948195
19 71 60.74537019394976
19 72 38.01315561749642
19 73 100.4987562112089
19 74 73.33484846919642
19 75 58.83026432033091
19 76 23.769728648009426
19 77 60.876925020897694
19 78 54.3415126767741
19 79 71.7007670809734
19 80 9.486832980505138
19 81 55.57877292636101
19 82 55.08175741568164
19 83 70.7248188403477
19 84 55.44366510251645
19 85 10.63014581273465
19 86 78.60025445251433
19 87 11.180339887498949
19 88 25.0
19 89 40.049968789001575
19 90 10.0
20 1 44.28317965096906
20 2 45.0
20 3 16.76305461424021
20 4 53.150729063673246
20 5 26.40075756488817
20 6 51.86520991955976
20 7 55.90169943749474
20 8 20.808652046684813
20 9 23.345235059857504
20 10 45.39823785126467
20 11 30.463092423455635
20 12 35.22782990761707
20 13 42.2965719651132
20 14 18.601075237738275
20 15 40.024992192379
20 16 45.69463863518345
20 17 60.07495318350236
20 18 46.75467891024384
20 19 53.71219600798314
20 20 0.0
20 21 44.68780594300866
20 22 31.144823004794873
20 23 19.313207915827967
20 24 28.600699292150182
20 25 36.6742416417845
20 26 39.84971769034255
20 27 14.212670403551895
20 28 45.60701700396552
20 29 28.160255680657446
20 30 58.137767414994535
20 31 40.80441152620633
20 32 41.23105625617661
20 33 5.0
20 34 28.160255680657446
20 35 27.51363298439521
