1 1 0.0
1 2 63.7808748764079
1 3 54.08326913195984
1 4 35.90264614203248
1 5 13.92838827718412
1 6 40.22437072223753
1 7 72.00694410957877
1 8 64.03124237432849
1 9 75.18643494673756
1 10 52.773099207835045
1 11 66.27216610312357
1 12 70.21395872616783
1 13 81.88406438373708
1 14 35.73513677041127
1 15 80.60397012554654
1 16 35.4400902933387
1 17 57.0350769263968
1 18 71.50524456289902
1 19 33.60059523282288
1 20 56.43580423808985
1 21 51.884487084291386
1 22 65.76473218982953
1 23 54.45181356024793
1 24 43.41658669218482
1 25 39.21734310225516
1 26 64.13267497929586
1 27 45.0
1 28 36.05551275463989
1 29 46.95742752749558
1 30 53.225933528685054
1 31 14.866068747318506
1 32 44.40720662234904
1 33 48.041648597857254
1 34 71.58910531638176
1 35 30.479501308256342
1 36 31.906112267087632
1 37 14.422205101855956
1 38 79.20227269466452
1 39 63.150613615387776
1 40 47.042533945356304
1 41 15.556349186104045
1 42 80.91971329657564
1 43 24.041630560342615
1 44 60.74537019394976
1 45 43.86342439892262
1 46 26.476404589747453
1 47 27.784887978899608
1 48 51.0098029794274
1 49 35.84689665786984
1 50 72.44308110509934
1 51 25.019992006393608
1 52 52.392747589718944
1 53 62.00806399170998
1 54 10.0
1 55 62.03224967708329
1 56 41.97618372363071
1 57 52.40229002629561
1 58 56.85068161420758
1 59 59.481089431852205
1 60 26.40075756488817
1 61 43.01162633521314
1 62 78.92401408950256
1 63 18.027756377319946
1 64 7.810249675906654
1 65 25.495097567963924
1 66 60.01666435249463
1 67 45.17742799230607
1 68 54.74486277268398
1 69 51.24451190127583
1 70 48.373546489791295
1 71 44.294469180700204
1 72 67.91170738539859
1 73 63.631753079732135
1 74 85.70297544426332
1 75 63.06346010171025
2 1 63.7808748764079
2 2 0.0
2 3 24.186773244895647
2 4 36.40054944640259
2 5 69.81403870282824
2 6 24.20743687382041
2 7 58.69412236331676
2 8 59.665735560705194
2 9 34.655446902326915
2 10 33.24154027718932
2 11 51.264022471905186
2 12 9.055385138137417
2 13 24.186773244895647
2 14 34.0147027033899
2 15 17.46424919657298
2 16 34.92849839314596
2 17 41.0
2 18 7.810249675906654
2 19 31.76476034853718
2 20 21.18962010041709
2 21 24.331050121192877
2 22 36.235341863986875
2 23 49.36598018878993
2 24 63.788713735268246
2 25 31.016124838541646
2 26 56.04462507680822
2 27 48.093658625644196
2 28 30.463092423455635
2 29 27.0
2 30 25.709920264364882
2 31 50.24937810560445
2 32 48.16637831516918
2 33 40.0
2 34 12.041594578792296
2 35 33.83784863137726
2 36 34.438350715445125
2 37 49.51767361255979
2 38 25.632011235952593
2 39 55.78530272392541
2 40 44.01136216933077
2 41 48.27007354458868
2 42 17.204650534085253
2 43 55.00909015790027
2 44 17.4928556845359
2 45 20.591260281974
2 46 43.04648650006177
2 47 38.47076812334269
2 48 47.853944456021594
2 49 57.97413216254298
2 50 55.46169849544819
2 51 49.9799959983992
2 52 30.14962686336267
2 53 45.221676218380054
2 54 65.29931086925804
2 55 42.37924020083418
2 56 39.01281840626232
2 57 13.341664064126334
2 58 7.211102550927978
2 59 23.706539182259394
2 60 41.14608122288197
2 61 24.041630560342615
2 62 27.730849247724095
2 63 68.5054742338158
2 64 64.4437739428721
2 65 68.42514157822401
2 66 32.89376840679705
2 67 44.10215414239989
2 68 33.54101966249684
2 69 27.018512172212592
2 70 48.0
2 71 63.63961030678928
2 72 60.728905802755904
2 73 12.206555615733702
2 74 23.769728648009426
2 75 15.264337522473747
3 1 54.08326913195984
3 2 24.186773244895647
3 3 0.0
3 4 18.867962264113206
3 5 55.47071299343465
3 6 18.681541692269406
3 7 36.05551275463989
3 8 35.73513677041127
3 9 22.0
3 10 9.055385138137417
3 11 28.30194339616981
3 12 23.769728648009426
3 13 29.698484809834994
3 14 18.384776310850235
3 15 33.61547262794322
3 16 18.788294228055936
3 17 17.08800749063506
3 18 30.066592756745816
3 19 32.28002478313795
3 20 38.600518131237564
3 21 38.897300677553446
3 22 16.1245154965971
3 23 25.179356624028344
3 24 41.10960958218893
3 25 14.866068747318506
3 26 32.31098884280702
3 27 57.706152185014034
3 28 33.24154027718932
3 29 38.41874542459709
3 30 41.036569057366385
3 31 39.21734310225516
3 32 25.0
3 33 16.278820596099706
3 34 36.22154055254967
3 35 31.400636936215164
3 36 35.17101079013795
3 37 40.26164427839479
3 38 25.80697580112788
3 39 31.953090617340916
3 40 20.396078054371138
3 41 40.607881008493905
3 42 35.73513677041127
3 43 37.53664875824692
3 44 37.589892258425
3 45 25.238858928247925
3 46 28.178005607210743
3 47 37.48332962798263
3 48 59.90826320300064
3 49 36.71511950137164
3 50 33.421549934136806
3 51 50.48762224545735
3 52 6.0
3 53 21.95449840010015
3 54 51.97114584074513
3 55 19.4164878389476
3 56 47.885279575251516
3 57 26.40075756488817
3 58 19.313207915827967
3 59 42.43819034784589
3 60 40.44749683231337
3 61 31.064449134018133
3 62 25.059928172283335
3 63 52.630789467763066
3 64 51.884487084291386
3 65 50.24937810560445
3 66 10.63014581273465
3 67 54.20332093147061
3 68 9.486832980505138
3 69 3.605551275463989
3 70 24.186773244895647
3 71 40.80441152620633
3 72 37.16180835212409
3 73 14.560219778561036
3 74 36.05551275463989
3 75 12.083045973594572
4 1 35.90264614203248
4 2 36.40054944640259
4 3 18.867962264113206
4 4 0.0
4 5 36.61966684720111
4 6 15.132745950421556
4 7 41.182520563948
4 8 36.124783736376884
4 9 39.293765408777
4 10 17.029386365926403
4 11 34.0147027033899
4 12 39.66106403010388
4 13 48.27007354458868
4 14 3.1622776601683795
4 15 50.21951811795888
4 16 2.23606797749979
4 17 22.80350850198276
4 18 43.86342439892262
4 19 24.20743687382041
4 20 41.593268686170845
4 21 39.56008088970496
4 22 30.066592756745816
4 23 24.20743687382041
4 24 29.154759474226502
4 25 5.385164807134504
4 26 34.40930106817051
4 27 50.93132631298737
4 28 26.627053911388696
4 29 36.76955262170047
4 30 41.7612260356422
4 31 21.213203435596427
4 32 16.64331697709324
4 33 14.317821063276353
4 34 47.53945729601885
4 35 21.213203435596427
4 36 26.1725046566048
4 37 23.0
4 38 44.654227123532216
4 39 33.60059523282288
4 40 15.620499351813308
4 41 24.186773244895647
4 42 51.62363799656123
4 43 19.209372712298546
4 44 43.04648650006177
4 45 24.515301344262525
4 46 9.486832980505138
4 47 26.40075756488817
4 48 54.817880294662984
4 49 22.090722034374522
4 50 40.311288741492746
4 51 38.01315561749642
4 52 16.492422502470642
4 53 28.460498941515414
4 54 33.12099032335839
4 55 27.65863337187866
4 56 42.01190307520001
4 57 31.0
4 58 29.410882339705484
4 59 45.70557952810576
4 60 28.844410203711913
4 61 28.792360097775937
4 62 43.9089968002003
4 63 33.97057550292606
4 64 33.1058907144937
4 65 32.449961479175904
4 66 24.186773244895647
4 67 48.27007354458868
4 68 19.026297590440446
4 69 15.652475842498529
4 70 19.1049731745428
4 71 29.274562336608895
4 72 39.20459156782532
4 73 31.240998703626616
4 74 53.81449618829484
4 75 29.698484809834994
5 1 13.92838827718412
5 2 69.81403870282824
5 3 55.47071299343465
5 4 36.61966684720111
5 5 0.0
5 6 45.60701700396552
5 7 66.007575322837
5 8 57.07889277132134
5 9 74.73285756613352
5 10 51.894122981316485
5 11 61.40032573203501
5 12 74.96665925596525
5 13 84.81155581640984
5 14 37.64306044943742
5 15 85.58621384311844
5 16 37.013511046643494
5 17 54.120236510939236
5 18 77.62087348130012
5 19 42.720018726587654
5 20 66.12866246946176
5 21 61.98386886924694
5 22 64.25729530566937
5 23 49.36598018878993
5 24 33.95585369269929
5 25 41.23105625617661
5 26 58.008620049092706
5 27 58.215118311311535
5 28 45.5411901469428
5 29 57.28001396647874
5 30 63.60031446463138
5 31 20.12461179749811
5 32 39.6232255123179
5 33 45.5411901469428
5 34 79.07591289387686
5 35 39.0
5 36 41.7612260356422
5 37 22.135943621178654
5 38 81.27115109311545
5 39 57.0087712549569
5 40 43.41658669218482
5 41 24.73863375370596
5 42 86.45229898620394
5 43 18.973665961010276
5 44 69.85699678629192
5 45 51.478150704935004
5 46 27.65863337187866
5 47 38.07886552931954
5 48 64.1248781675256
5 49 28.0178514522438
5 50 67.1863081289633
5 51 38.2099463490856
5 52 52.354560450833695
5 53 58.249463516842795
5 54 5.0990195135927845
5 55 58.9406481131655
5 56 54.147945482723536
5 57 60.03332407921454
5 58 62.625873247404705
5 59 69.57010852370435
5 60 37.48332962798263
5 61 52.0
5 62 80.45495634204272
5 63 5.385164807134504
5 64 7.0
5 65 13.416407864998739
5 66 59.09314681077663
5 67 58.008620049092706
5 68 53.71219600798314
5 69 52.15361924162119
5 70 43.56604182158393
5 71 34.92849839314596
5 72 61.07372593840988
5 73 67.26812023536856
5 74 89.87213138676528
5 75 66.06814663663572
6 1 40.22437072223753
6 2 24.20743687382041
6 3 18.681541692269406
6 4 15.132745950421556
6 5 45.60701700396552
6 6 0.0
6 7 51.66236541235796
6 8 48.60041152089147
6 9 40.311288741492746
6 10 23.600847442411894
6 11 43.93176527297759
6 12 30.0
6 13 42.15447781671598
6 14 12.041594578792296
6 15 40.45985664828782
6 16 13.038404810405298
6 17 31.89043743820395
6 18 32.01562118716424
6 19 13.601470508735444
6 20 26.476404589747453
6 21 24.698178070456937
6 22 34.539832078341085
6 23 36.61966684720111
6 24 44.28317965096906
6 25 10.770329614269007
6 26 46.09772228646444
6 27 39.66106403010388
6 28 14.7648230602334
6 29 22.47220505424423
6 30 26.92582403567252
6 31 26.1725046566048
6 32 31.016124838541646
6 33 25.80697580112788
6 34 34.0147027033899
6 35 13.0
6 36 16.492422502470642
6 37 25.80697580112788
6 38 40.26164427839479
6 39 45.45327270945405
6 40 28.653097563788805
6 41 25.059928172283335
6 42 41.012193308819754
6 43 31.622776601683793
6 44 28.0
6 45 9.486832980505138
6 46 19.313207915827967
6 47 19.026297590440446
6 48 42.5205832509386
6 49 37.0
6 50 49.8196748283246
6 51 32.0624390837628
6 52 21.095023109728988
6 53 37.64306044943742
6 54 41.10960958218893
6 55 35.805027579936315
6 56 30.0
6 57 16.1245154965971
6 58 17.029386365926403
6 59 30.59411708155671
6 60 22.02271554554524
6 61 14.422205101855956
6 62 40.607881008493905
6 63 44.41846462902562
6 64 40.311288741492746
6 65 44.94441010848846
6 66 28.635642126552707
6 67 36.40054944640259
6 68 25.238858928247925
6 69 17.88854381999832
6 70 32.64965543462902
6 71 44.40720662234904
6 72 51.088159097779204
6 73 23.769728648009426
6 74 45.48626166217664
6 75 23.769728648009426
7 1 72.00694410957877
7 2 58.69412236331676
7 3 36.05551275463989
7 4 41.182520563948
7 5 66.007575322837
7 6 51.66236541235796
7 7 0.0
7 8 9.848857801796104
7 9 30.066592756745816
7 10 28.319604517012593
7 11 7.810249675906654
7 12 54.817880294662984
7 13 51.0098029794274
7 14 43.56604182158393
7 15 61.40032573203501
7 16 43.04648650006177
7 17 19.79898987322333
7 18 62.6418390534633
7 19 64.20280367709809
7 20 74.63243262818116
7 21 74.65252842335616
7 22 22.80350850198276
7 23 17.72004514666935
7 24 34.20526275297414
7 25 42.20189569201838
7 26 8.0
7 27 91.0494371207203
7 28 66.06814663663572
7 29 73.59347797189639
7 30 76.83749084919418
7 31 59.481089431852205
7 32 27.65863337187866
7 33 26.92582403567252
7 34 70.22819946431775
7 35 61.85466837676846
7 36 66.61080993352356
7 37 62.297672508690084
7 38 45.0111097397076
7 39 9.0
7 40 26.0
7 41 64.25729530566937
7 42 64.6297145282261
7 43 48.25971404805462
7 44 73.57309290766564
7 45 60.14149981501958
7 46 48.104053883222775
7 47 67.4166151627327
7 48 94.17536832951598
7 49 38.05259518088089
7 50 4.123105625617661
7 51 79.17701686727027
7 52 31.240998703626616
7 53 14.212670403551895
7 54 65.12296062065974
7 55 16.64331697709324
7 56 81.5659242576212
7 57 62.42595614005443
7 58 55.072679252057455
7 59 78.49203781276162
7 60 69.9714227381436
7 61 65.76473218982953
7 62 42.04759208325728
7 63 61.07372593840988
7 64 66.27216610312357
7 65 54.45181356024793
7 66 25.942243542145693
7 67 87.96590248499699
7 68 27.018512172212592
7 69 34.828149534535996
7 70 23.769728648009426
7 71 33.24154027718932
7 72 6.4031242374328485
7 73 46.8187996428785
7 74 60.0
7 75 43.657759905886145
8 1 64.03124237432849
8 2 59.665735560705194
8 3 35.73513677041127
8 4 36.124783736376884
8 5 57.07889277132134
8 6 48.60041152089147
8 7 9.848857801796104
8 8 0.0
8 9 35.73513677041127
8 10 26.92582403567252
8 11 10.770329614269007
8 12 57.21887800367987
8 13 55.90169943749474
8 14 38.897300677553446
8 15 65.03076195155643
8 16 38.2099463490856
8 17 18.681541692269406
8 18 64.6297145282261
8 19 60.108235708594876
8 20 73.35529974037323
8 21 72.71863585079137
8 22 26.1725046566048
8 23 12.041594578792296
8 24 24.515301344262525
8 25 38.28837943815329
8 26 4.123105625617661
8 27 86.97700845625813
8 28 62.289646009589745
8 29 71.02816342831905
8 30 74.94664769020693
8 31 52.392747589718944
8 32 20.591260281974
8 33 22.80350850198276
8 34 71.58910531638176
8 35 57.3149195236284
8 36 62.24146527838174
8 37 55.46169849544819
8 38 50.00999900019995
8 39 4.0
8 40 20.518284528683193
8 41 57.706152185014034
8 42 68.0
8 43 40.024992192379
8 44 73.00684899377592
8 45 57.688820407423826
8 46 41.677331968349414
8 47 62.48199740725323
8 48 90.60905032059435
8 49 29.068883707497267
8 50 12.806248474865697
8 51 73.49829930005184
8 52 30.083217912982647
8 53 15.0
8 54 56.568542494923804
8 55 18.0
8 56 77.83315488916018
8 57 61.26989472816156
8 58 55.02726596879042
8 59 77.3692445355388
8 60 64.81512169239521
8 61 63.00793600809346
8 62 47.29693436154187
8 63 52.009614495783374
8 64 57.87054518492115
8 65 45.09988913511872
8 66 27.16615541441225
8 67 84.17244204607586
8 68 26.248809496813376
8 69 33.61547262794322
8 70 17.204650534085253
8 71 23.53720459187964
8 72 4.0
8 73 48.507731342539614
8 74 64.6297145282261
8 75 45.39823785126467
9 1 75.18643494673756
9 2 34.655446902326915
9 3 22.0
9 4 39.293765408777
9 5 74.73285756613352
9 6 40.311288741492746
9 7 30.066592756745816
9 8 35.73513677041127
9 9 0.0
9 10 22.847319317591726
9 11 25.0
9 12 28.0178514522438
9 13 21.02379604162864
9 14 39.6232255123179
9 15 32.28002478313795
9 16 39.81205847478876
9 17 22.627416997969522
9 18 36.05551275463989
9 19 53.75872022286245
9 20 54.644304369257
9 21 56.43580423808985
9 22 11.313708498984761
9 23 31.400636936215164
9 24 52.40229002629561
9 25 36.345563690772494
9 26 31.622776601683793
9 27 77.83315488916018
9 28 54.3415126767741
9 29 57.271284253105414
9 30 58.309518948453004
9 31 60.41522986797286
9 32 37.64306044943742
9 33 29.68164415931166
9 34 44.40720662234904
9 35 53.23532661682466
9 36 56.71860364994893
9 37 61.814237842102365
9 38 15.033296378372908
9 39 31.953090617340916
9 40 32.802438933713454
9 41 62.39390995922599
9 42 35.73513677041127
9 43 55.90169943749474
9 44 51.85556864985669
9 45 45.221676218380054
9 46 48.76474136094644
9 47 59.30430001273095
9 48 79.20227269466452
9 49 51.22499389946279
9 50 26.019223662515376
9 51 72.3394774656273
9 52 22.80350850198276
9 53 21.95449840010015
9 54 71.8679344353238
9 55 19.4164878389476
9 56 68.00735254367721
9 57 43.41658669218482
9 58 34.132096331752024
9 59 57.8013840664737
9 60 62.289646009589745
9 61 50.92150822589606
9 62 12.0
9 63 71.11961754677819
9 64 72.11102550927978
9 65 67.11929677819934
9 66 15.652475842498529
9 67 74.09453421137081
9 68 21.02379604162864
9 69 24.186773244895647
9 70 34.655446902326915
9 71 51.73973328110612
9 72 34.713109915419565
9 73 22.80350850198276
9 74 30.066592756745816
9 75 20.248456731316587
10 1 52.773099207835045
10 2 33.24154027718932
10 3 9.055385138137417
10 4 17.029386365926403
10 5 51.894122981316485
10 6 23.600847442411894
10 7 28.319604517012593
10 8 26.92582403567252
10 9 22.847319317591726
10 10 0.0
10 11 20.518284528683193
10 12 32.38826948140329
10 13 36.05551275463989
10 14 18.110770276274835
10 15 41.7612260356422
10 16 18.027756377319946
10 17 8.602325267042627
10 18 39.01281840626232
10 19 36.71511950137164
10 20 46.647615158762406
10 21 46.400431032480725
10 22 13.038404810405298
10 23 16.1245154965971
10 24 33.1058907144937
10 25 15.524174696260024
10 26 23.706539182259394
10 27 63.245553203367585
10 28 38.27531841800928
10 29 45.27692569068709
10 30 48.60041152089147
10 31 38.2099463490856
10 32 17.0
10 33 8.06225774829855
10 34 45.27692569068709
10 35 34.92849839314596
10 36 39.35733730830886
10 37 40.01249804748511
10 38 31.240998703626616
10 39 23.259406699226016
10 40 12.083045973594572
10 41 41.048751503547585
10 42 44.14748010928823
10 43 33.12099032335839
10 44 46.09772228646444
10 45 31.827660925679098
10 46 26.30589287593181
10 47 40.85339643163099
10 48 66.06814663663572
10 49 29.832867780352597
10 50 26.248809496813376
10 51 53.45091205957107
10 52 3.1622776601683795
10 53 14.142135623730951
10 54 49.040799340956916
10 55 12.206555615733702
10 56 53.600373133029585
10 57 34.48187929913333
10 58 28.160255680657446
10 59 50.60632371551998
10 60 43.657759905886145
10 61 37.48332962798263
10 62 29.698484809834994
10 63 48.373546489791295
10 64 49.33558553417604
10 65 44.82186966202994
10 66 7.280109889280518
10 67 60.0
10 68 2.0
10 69 6.708203932499369
10 70 15.524174696260024
10 71 32.69556544854363
10 72 28.653097563788805
10 73 23.194827009486403
10 74 43.382023926967726
10 75 20.396078054371138
11 1 66.27216610312357
11 2 51.264022471905186
11 3 28.30194339616981
11 4 34.0147027033899
11 5 61.40032573203501
11 6 43.93176527297759
11 7 7.810249675906654
11 8 10.770329614269007
11 9 25.0
11 10 20.518284528683193
11 11 0.0
11 12 47.853944456021594
11 13 45.39823785126467
11 14 36.235341863986875
11 15 55.036351623268054
11 16 35.77708763999664
11 17 12.041594578792296
11 18 55.54277630799526
11 19 56.61271941887264
11 20 66.85057965343307
11 21 66.84309986827361
11 22 16.0312195418814
11 23 12.041594578792296
11 24 31.76476034853718
11 25 34.66987164671943
11 26 6.708203932499369
11 27 83.40863264674707
11 28 58.412327466040935
11 29 65.79513659838392
11 30 69.02897942168927
11 31 53.150729063673246
11 32 22.0
11 33 19.697715603592208
11 34 62.93647591023825
11 35 54.378304497290095
11 36 59.07622195096772
11 37 55.78530272392541
11 38 39.45883931389772
11 39 7.211102550927978
11 40 19.4164878389476
11 41 57.56735185849702
11 42 58.137767414994535
11 43 43.01162633521314
11 44 65.86349520030045
11 45 52.3450093132096
11 46 41.48493702538308
11 47 60.03332407921454
11 48 86.45229898620394
11 49 33.95585369269929
11 50 6.324555320336759
11 51 72.01388754955533
11 52 23.430749027719962
11 53 6.4031242374328485
11 54 60.03332407921454
11 55 8.94427190999916
11 56 73.87827826905551
11 57 54.644304369257
11 58 47.41307836451879
11 59 70.7248188403477
11 60 62.64982043070834
11 61 57.982756057296896
11 62 36.6742416417845
11 63 56.71860364994893
11 64 61.0
11 65 50.695167422546305
11 66 18.384776310850235
11 67 80.2807573457052
11 68 19.209372712298546
11 69 27.018512172212592
11 70 18.0
11 71 30.886890422961002
11 72 10.0
11 73 39.56008088970496
11 74 54.230987451824994
11 75 36.40054944640259
12 1 70.21395872616783
12 2 9.055385138137417
12 3 23.769728648009426
12 4 39.66106403010388
12 5 74.96665925596525
12 6 30.0
12 7 54.817880294662984
12 8 57.21887800367987
12 9 28.0178514522438
12 10 32.38826948140329
12 11 47.853944456021594
12 12 0.0
12 13 15.132745950421556
12 14 37.8021163428716
12 15 10.63014581273465
12 16 38.600518131237564
12 17 39.0
12 18 8.06225774829855
12 19 39.56008088970496
12 20 30.083217912982647
12 21 33.37663853655727
12 22 32.01562118716424
12 23 48.093658625644196
12 24 64.8459713474939
12 25 34.40930106817051
12 26 53.33854141237835
12 27 57.14017850864661
12 28 38.600518131237564
12 29 36.013886210738214
12 30 34.713109915419565
12 31 56.08029957123981
12 32 48.76474136094644
12 33 40.024992192379
12 34 16.401219466856727
12 35 41.14608122288197
12 36 42.37924020083418
12 37 55.80322571321482
12 38 17.0
12 39 53.23532661682466
12 40 44.14748010928823
12 41 54.91812087098393
12 42 12.083045973594572
12 43 58.82176467941097
12 44 26.0
12 45 28.460498941515414
12 46 47.50789408087881
12 47 46.238512086787566
12 48 56.88585061331157
12 49 60.00833275470999
12 50 51.24451190127583
12 51 58.240879114244144
12 52 29.614185789921695
12 53 42.2965719651132
12 54 70.7248188403477
12 55 39.319206502675
12 56 48.0
12 57 22.090722034374522
12 58 13.92838827718412
12 59 32.31098884280702
12 60 49.040799340956916
12 61 32.55764119219941
12 62 19.4164878389476
12 63 73.10950690573696
12 64 70.09279563550022
12 65 72.11102550927978
12 66 30.066592756745816
12 67 53.150729063673246
12 68 32.14031735997639
12 69 27.202941017470888
12 70 47.853944456021594
12 71 64.5600495662759
12 72 57.706152185014034
12 73 9.219544457292887
12 74 15.652475842498529
12 75 12.041594578792296
13 1 81.88406438373708
13 2 24.186773244895647
13 3 29.698484809834994
13 4 48.27007354458868
13 5 84.81155581640984
13 6 42.15447781671598
13 7 51.0098029794274
13 8 55.90169943749474
13 9 21.02379604162864
13 10 36.05551275463989
13 11 45.39823785126467
13 12 15.132745950421556
13 13 0.0
13 14 47.20169488482379
13 15 12.806248474865697
13 16 47.80167361086848
13 17 39.92492955535426
13 18 21.02379604162864
13 19 53.36665625650534
13 20 45.12205669071391
13 21 48.507731342539614
13 22 29.832867780352597
13 23 49.39635614091387
13 24 68.96375859826666
13 25 43.60045871318328
13 26 51.78802950489621
13 27 72.24956747275377
13 28 52.773099207835045
13 29 51.088159097779204
13 30 49.8196748283246
13 31 67.23094525588644
13 32 53.0
13 33 44.10215414239989
13 34 29.154759474226502
13 35 54.405882034941776
13 36 56.293871780150276
13 37 67.53517601961218
13 38 6.0
13 39 51.97114584074513
13 40 48.02082881417188
13 41 67.11929677819934
13 42 16.401219466856727
13 43 67.20863039818622
13 44 40.80441152620633
13 45 42.579337712087536
13 46 57.201398584300364
13 47 59.90826320300064
13 48 72.00694410957877
13 49 65.80273550544841
13 50 47.0
13 51 72.3671196055225
13 52 34.20526275297414
13 53 41.23105625617661
13 54 81.02468759581859
13 55 38.3275357934736
13 56 63.0317380372777
13 57 37.0
13 58 28.160255680657446
13 59 47.12748667179272
13 60 62.81719509815764
13 61 47.16990566028302
13 62 9.055385138137417
13 63 82.21921916437786
13 64 80.7093550959243
13 65 79.93122043357026
13 66 30.870698080866262
13 67 68.26419266350405
13 68 34.9857113690718
13 69 33.24154027718932
13 70 51.0
13 71 68.47627326307996
13 72 55.326304774492215
13 73 18.384776310850235
13 74 9.055385138137417
13 75 18.867962264113206
14 1 35.73513677041127
14 2 34.0147027033899
14 3 18.384776310850235
14 4 3.1622776601683795
14 5 37.64306044943742
14 6 12.041594578792296
14 7 43.56604182158393
14 8 38.897300677553446
14 9 39.6232255123179
14 10 18.110770276274835
14 11 36.235341863986875
14 12 37.8021163428716
14 13 47.20169488482379
14 14 0.0
14 15 48.41487374764082
14 16 1.0
14 17 24.698178070456937
14 18 41.593268686170845
14 19 21.2602916254693
14 20 38.47076812334269
14 21 36.40054944640259
14 22 31.016124838541646
14 23 26.90724809414742
14 24 32.2490309931942
14 25 3.605551275463989
14 26 37.013511046643494
14 27 48.08326112068523
14 28 23.600847442411894
14 29 33.61547262794322
14 30 38.600518131237564
14 31 20.8806130178211
14 32 19.72308292331602
14 33 16.64331697709324
14 34 44.9221548904324
14 35 18.439088914585774
14 36 23.345235059857504
14 37 22.20360331117452
14 38 43.9089968002003
14 39 36.235341863986875
14 40 18.384776310850235
14 41 23.0
14 42 49.64876634922564
14 43 21.095023109728988
14 44 40.01249804748511
14 45 21.37755832643195
14 46 10.0
14 47 23.853720883753127
14 48 51.85556864985669
14 49 25.019992006393608
14 50 42.485291572496
14 51 35.84689665786984
14 52 17.029386365926403
14 53 30.463092423455635
14 54 33.83784863137726
14 55 29.410882339705484
14 56 39.05124837953327
14 57 28.0178514522438
14 58 26.92582403567252
14 59 42.579337712087536
14 60 26.419689627245813
14 61 25.632011235952593
14 62 43.382023926967726
14 63 35.38361202590826
14 64 33.61547262794322
14 65 34.48187929913333
14 66 25.0
14 67 45.34313619501854
14 68 20.09975124224178
14 69 15.524174696260024
14 70 22.02271554554524
14 71 32.38826948140329
14 72 41.86884283091664
14 73 29.698484809834994
14 74 52.32590180780452
14 75 28.42534080710379
15 1 80.60397012554654
15 2 17.46424919657298
15 3 33.61547262794322
15 4 50.21951811795888
15 5 85.58621384311844
15 6 40.45985664828782
15 7 61.40032573203501
15 8 65.03076195155643
15 9 32.28002478313795
15 10 41.7612260356422
15 11 55.036351623268054
15 12 10.63014581273465
15 13 12.806248474865697
15 14 48.41487374764082
15 15 0.0
15 16 49.20365840057018
15 17 47.51841748206689
15 18 11.045361017187261
15 19 49.193495504995376
15 20 36.0
15 21 40.11234224026316
15 22 39.01281840626232
15 23 56.88585061331157
15 24 74.67261881037788
15 25 45.0
15 26 61.00819617067857
15 27 64.1248781675256
15 28 47.92702786528704
15 29 43.56604182158393
15 30 41.012193308819754
15 31 66.60330322138685
15 32 58.52349955359813
15 33 49.64876634922564
15 34 17.72004514666935
15 35 51.10772935672255
15 36 51.894122981316485
15 37 66.21933252457322
15 38 17.88854381999832
15 39 61.032778078668514
15 40 53.75872022286245
15 41 65.21502894272147
15 42 3.605551275463989
15 43 69.40461079784254
15 44 31.064449134018133
15 45 38.01315561749642
15 46 58.137767414994535
15 47 55.90169943749474
15 48 63.0317380372777
15 49 70.21395872616783
15 50 57.55866572463264
15 51 67.4166151627327
15 52 39.21734310225516
15 53 50.039984012787215
15 54 81.32035415564789
15 55 47.042533945356304
15 56 55.57877292636101
15 57 30.675723300355934
15 58 23.853720883753127
15 59 37.21558813185679
15 60 58.60034129593445
15 61 41.43669871020132
15 62 21.02379604162864
15 63 83.73768566183328
15 64 80.65977932030313
15 65 82.66196223173026
15 66 38.3275357934736
15 67 60.13318551349163
15 68 41.23105625617661
15 69 37.16180835212409
15 70 57.28001396647874
15 71 74.33034373659252
15 72 65.03076195155643
15 73 19.235384061671343
15 74 7.0710678118654755
15 75 21.540659228538015
16 1 35.4400902933387
16 2 34.92849839314596
16 3 18.788294228055936
16 4 2.23606797749979
16 5 37.013511046643494
16 6 13.038404810405298
16 7 43.04648650006177
16 8 38.2099463490856
16 9 39.81205847478876
16 10 18.027756377319946
16 11 35.77708763999664
16 12 38.600518131237564
16 13 47.80167361086848
16 14 1.0
16 15 49.20365840057018
16 16 0.0
16 17 24.351591323771842
16 18 42.485291572496
16 19 22.02271554554524
16 20 39.45883931389772
16 21 37.36308338453881
16 22 31.0
16 23 26.248809496813376
16 24 31.25699921617557
16 25 4.242640687119285
16 26 36.40054944640259
16 27 48.79549159502341
16 28 24.413111231467404
16 29 34.539832078341085
16 30 39.56008088970496
16 31 20.615528128088304
16 32 18.867962264113206
16 33 16.1245154965971
16 34 45.880278987817846
16 35 19.1049731745428
16 36 24.041630560342615
16 37 22.090722034374522
16 38 44.41846462902562
16 39 35.608987629529715
16 40 17.69180601295413
16 41 23.021728866442675
16 42 50.47771785649585
16 43 20.248456731316587
16 44 41.012193308819754
16 45 22.360679774997898
16 46 9.433981132056603
16 47 24.413111231467404
16 48 52.630789467763066
16 49 24.020824298928627
16 50 42.04759208325728
16 51 36.24913792078372
16 52 17.11724276862369
16 53 30.083217912982647
16 54 33.28663395418648
16 55 29.120439557122072
16 56 39.824615503479755
16 57 29.017236257093817
16 58 27.85677655436824
16 59 43.56604182158393
16 60 26.92582403567252
16 61 26.570660511172846
16 62 43.829214001622255
16 63 34.655446902326915
16 64 33.12099032335839
16 65 33.61547262794322
16 66 25.019992006393608
16 67 46.09772228646444
16 68 20.024984394500787
16 69 15.811388300841896
16 70 21.2602916254693
16 71 31.400636936215164
16 72 41.23105625617661
16 73 30.4138126514911
16 74 53.03772242470448
16 75 29.068883707497267
17 1 57.0350769263968
17 2 41.0
17 3 17.08800749063506
17 4 22.80350850198276
17 5 54.120236510939236
17 6 31.89043743820395
17 7 19.79898987322333
17 8 18.681541692269406
17 9 22.627416997969522
17 10 8.602325267042627
17 11 12.041594578792296
17 12 39.0
17 13 39.92492955535426
17 14 24.698178070456937
17 15 47.51841748206689
17 16 24.351591323771842
17 17 0.0
17 18 46.17358552246078
17 19 44.654227123532216
17 20 55.226805085936306
17 21 55.0
17 22 11.313708498984761
17 23 9.486832980505138
17 24 29.832867780352597
17 25 22.825424421026653
17 26 15.231546211727817
17 27 71.40028011149536
17 28 46.400431032480725
17 29 53.81449618829484
17 30 57.201398584300364
17 31 43.104524124504614
17 32 15.264337522473747
17 33 9.0
17 34 52.952809179494906
17 35 42.5440947723653
17 36 47.16990566028302
17 37 45.39823785126467
17 38 34.438350715445125
17 39 14.866068747318506
17 40 10.770329614269007
17 41 46.87216658103186
17 42 50.24937810560445
17 43 35.17101079013795
17 44 54.56189146281496
17 45 40.36087214122113
17 46 31.144823004794873
17 47 48.30113870293329
17 48 74.41102068914255
17 49 28.844410203711913
17 50 18.027756377319946
17 51 60.53924347066124
17 52 11.661903789690601
17 53 5.830951894845301
17 54 51.97114584074513
17 55 5.0
17 56 61.84658438426491
17 57 43.04648650006177
17 58 36.40054944640259
17 59 59.16924876994806
17 60 50.99019513592785
17 61 45.967379738244816
17 62 32.2490309931942
17 63 49.9799959983992
17 64 52.61178575186362
17 65 45.17742799230607
17 66 9.219544457292887
17 67 68.24954212300622
17 68 7.615773105863909
17 69 15.264337522473747
17 70 12.041594578792296
17 71 29.206163733020468
17 72 20.12461179749811
17 73 30.066592756745816
17 74 48.08326112068523
17 75 27.018512172212592
18 1 71.50524456289902
18 2 7.810249675906654
18 3 30.066592756745816
18 4 43.86342439892262
18 5 77.62087348130012
18 6 32.01562118716424
18 7 62.6418390534633
18 8 64.6297145282261
18 9 36.05551275463989
18 10 39.01281840626232
18 11 55.54277630799526
18 12 8.06225774829855
18 13 21.02379604162864
18 14 41.593268686170845
18 15 11.045361017187261
18 16 42.485291572496
18 17 46.17358552246078
18 18 0.0
18 19 39.11521443121589
18 20 25.019992006393608
18 21 29.068883707497267
18 22 39.84971769034255
18 23 55.00909015790027
18 24 70.61161377563892
18 25 38.48376280978771
18 26 60.8276253029822
18 27 53.08483775994799
18 28 37.589892258425
18 29 32.55764119219941
18 30 30.0
18 31 58.05170109479997
18 32 54.74486277268398
18 33 46.2709412050371
18 34 8.48528137423857
18 35 41.400483088968905
18 36 41.677331968349414
18 37 57.28001396647874
18 38 24.20743687382041
18 39 60.67124524847005
18 40 50.35871324805669
18 41 55.97320787662612
18 42 9.848857801796104
18 43 62.64982043070834
18 44 20.223748416156685
18 45 28.0178514522438
18 46 50.774009099144415
18 47 45.79301256742124
18 48 52.08646657242167
18 49 65.14598989960932
18 50 59.135437767890075
18 51 56.859475903318
18 52 36.05551275463989
18 53 49.8196748283246
18 54 73.10950690573696
18 55 46.87216658103186
18 56 44.553338819890925
18 57 20.12461179749811
18 58 15.0
18 59 26.476404589747453
18 60 48.373546489791295
18 61 30.870698080866262
18 62 26.90724809414742
18 63 76.27581530209953
18 64 72.24956747275377
18 65 76.05918747922567
18 66 37.48332962798263
18 67 49.09175083453431
18 68 39.01281840626232
18 69 33.24154027718932
18 70 54.230987451824994
18 71 70.40596565632774
18 72 65.30696746902278
18 73 16.1245154965971
18 74 18.0
18 75 19.235384061671343
19 1 33.60059523282288
19 2 31.76476034853718
19 3 32.28002478313795
19 4 24.20743687382041
19 5 42.720018726587654
19 6 13.601470508735444
19 7 64.20280367709809
19 8 60.108235708594876
19 9 53.75872022286245
19 10 36.71511950137164
19 11 56.61271941887264
19 12 39.56008088970496
19 13 53.36665625650534
19 14 21.2602916254693
19 15 49.193495504995376
19 16 22.02271554554524
19 17 44.654227123532216
19 18 39.11521443121589
19 19 0.0
19 20 23.40939982143925
19 21 19.4164878389476
19 22 48.104053883222775
19 23 48.08326112068523
19 24 51.264022471905186
19 25 22.02271554554524
19 26 58.05170109479997
19 27 26.90724809414742
19 28 3.0
19 29 15.033296378372908
19 30 21.213203435596427
19 31 22.80350850198276
19 32 40.80441152620633
19 33 37.53664875824692
19 34 38.18376618407357
19 35 4.0
19 36 3.0
19 37 20.615528128088304
19 38 52.3450093132096
19 39 57.3149195236284
19 40 39.6232255123179
19 41 18.35755975068582
19 42 48.877397639399746
19 43 34.132096331752024
19 44 27.294688127912362
19 45 11.180339887498949
19 46 22.80350850198276
19 47 6.708203932499369
19 48 30.610455730027933
19 49 43.01162633521314
19 50 62.68173577685928
19 51 19.1049731745428
19 52 34.438350715445125
19 53 50.47771785649585
19 54 37.69615364994153
19 55 48.877397639399746
19 56 17.804493814764857
19 57 19.209372712298546
19 58 25.632011235952593
19 59 26.92582403567252
19 60 9.486832980505138
19 61 9.433981132056603
19 62 53.08483775994799
19 63 43.174066289845804
19 64 36.24913792078372
19 65 46.09772228646444
19 66 42.15447781671598
19 67 24.08318915758459
19 68 38.47076812334269
19 69 31.38470965295043
19 70 43.278170016764804
19 71 51.62363799656123
19 72 62.96824596572466
19 73 35.35533905932738
19 74 55.154328932550705
19 75 36.05551275463989
20 1 56.43580423808985
20 2 21.18962010041709
20 3 38.600518131237564
20 4 41.593268686170845
20 5 66.12866246946176
20 6 26.476404589747453
20 7 74.63243262818116
20 8 73.35529974037323
20 9 54.644304369257
20 10 46.647615158762406
20 11 66.85057965343307
20 12 30.083217912982647
20 13 45.12205669071391
20 14 38.47076812334269
20 15 36.0
20 16 39.45883931389772
20 17 55.226805085936306
20 18 25.019992006393608
20 19 23.40939982143925
20 20 0.0
20 21 5.0
20 22 53.75872022286245
20 23 61.741396161732524
20 24 70.71067811865476
20 25 37.107950630558946
20 26 70.32780389006896
20 27 28.284271247461902
20 28 20.615528128088304
20 29 9.899494936611665
20 30 5.0990195135927845
20 31 46.17358552246078
20 32 57.28001396647874
20 33 51.07837115648854
20 34 19.6468827043885
20 35 27.202941017470888
20 36 24.596747752497688
20 37 44.01136216933077
20 38 46.8187996428785
20 39 69.83552104767315
20 40 54.42425929675111
20 41 41.6293165929973
20 42 34.132096331752024
20 43 56.22277118748239
20 44 5.385164807134504
20 45 17.11724276862369
20 46 44.04543109109048
20 47 28.653097563788805
20 48 27.073972741361768
20 49 63.198101237299845
20 50 72.00694410957877
20 51 36.124783736376884
20 52 43.56604182158393
20 53 60.4648658313239
20 54 61.09828148156051
20 55 58.008620049092706
20 56 20.615528128088304
20 57 12.206555615733702
20 58 20.615528128088304
20 59 4.123105625617661
20 60 30.23243291566195
20 61 14.317821063276353
20 62 48.84669896727925
20 63 66.48308055437865
20 64 59.61543424315552
20 65 68.8839603971781
20 66 49.040799340956916
20 67 24.331050121192877
20 68 47.70744176750625
20 69 39.96248240537617
20 70 58.52349955359813
20 71 70.8590149522275
20 72 75.29276193632427
20 73 31.906112267087632
20 74 43.01162633521314
20 75 34.40930106817051
21 1 51.884487084291386
21 2 24.331050121192877
21 3 38.897300677553446
21 4 39.56008088970496
21 5 61.98386886924694
21 6 24.698178070456937
21 7 74.65252842335616
21 8 72.71863585079137
21 9 56.43580423808985
21 10 46.400431032480725
21 11 66.84309986827361
21 12 33.37663853655727
21 13 48.507731342539614
21 14 36.40054944640259
21 15 40.11234224026316
21 16 37.36308338453881
21 17 55.0
21 18 29.068883707497267
21 19 19.4164878389476
21 20 5.0
21 21 0.0
21 22 54.56189146281496
21 23 60.90155991434045
21 24 68.4470598345904
21 25 35.4682957019364
21 26 69.8927750200262
21 27 24.020824298928627
21 28 16.492422502470642
21 29 5.0
21 30 2.23606797749979
21 31 42.20189569201838
21 32 55.71355310873648
21 33 50.11985634456667
21 34 24.351591323771842
21 35 23.345235059857504
21 36 20.248456731316587
21 37 39.84971769034255
21 38 49.72926703662542
21 39 69.33974329343886
21 40 53.225933528685054
21 41 37.33630940518894
21 42 38.47076812334269
21 43 53.009433122794285
21 44 10.295630140987
21 45 15.231546211727817
21 46 41.048751503547585
21 47 24.166091947189145
21 48 23.53720459187964
21 49 60.67124524847005
21 50 72.24956747275377
21 51 31.144823004794873
21 52 43.41658669218482
21 53 60.440052945046304
21 54 56.92099788303083
21 55 58.137767414994535
21 56 15.811388300841896
21 57 13.038404810405298
21 58 22.360679774997898
21 59 7.615773105863909
21 60 25.553864678361276
21 61 11.045361017187261
21 62 51.54609587543949
21 63 62.5859409132754
21 64 55.362442142665635
21 65 65.37583651472461
21 66 49.49747468305833
21 67 20.024984394500787
21 68 47.634021455258214
21 69 39.824615503479755
21 70 57.271284253105414
21 71 68.65857557508748
21 72 74.88658090739622
21 73 34.0147027033899
21 74 47.042533945356304
21 75 36.235341863986875
22 1 65.76473218982953
22 2 36.235341863986875
22 3 16.1245154965971
22 4 30.066592756745816
22 5 64.25729530566937
22 6 34.539832078341085
22 7 22.80350850198276
22 8 26.1725046566048
22 9 11.313708498984761
22 10 13.038404810405298
22 11 16.0312195418814
22 12 32.01562118716424
22 13 29.832867780352597
22 14 31.016124838541646
22 15 39.01281840626232
22 16 31.0
22 17 11.313708498984761
22 18 39.84971769034255
22 19 48.104053883222775
22 20 53.75872022286245
22 21 54.56189146281496
22 22 0.0
22 23 20.248456731316587
22 24 41.10960958218893
22 25 28.160255680657446
22 26 22.090722034374522
22 27 73.824115301167
22 28 49.24428900898052
22 29 54.405882034941776
22 30 56.639209034025185
22 31 51.24451190127583
22 32 26.40075756488817
22 33 18.788294228055936
22 34 47.53945729601885
22 35 46.84015371452148
22 36 50.92150822589606
22 37 53.03772242470448
22 38 24.041630560342615
22 39 22.20360331117452
22 40 21.633307652783937
22 41 54.00925846556311
22 42 42.1070065428546
22 43 45.31004303683677
22 44 52.009614495783374
22 45 41.340053217188775
22 46 39.319206502675
22 47 52.88667128870941
22 48 76.00657866263946
22 49 40.0
22 50 19.313207915827967
22 51 65.73431371817918
22 52 14.142135623730951
22 53 11.40175425099138
22 54 61.68468205316454
22 55 8.54400374531753
22 56 64.00781202322104
22 57 41.72529209005013
22 58 33.421549934136806
22 59 57.38466694161429
22 60 55.78530272392541
22 61 47.16990566028302
22 62 21.540659228538015
22 63 60.41522986797286
22 64 62.0966987850401
22 65 56.08029957123981
22 66 6.082762530298219
22 67 70.32780389006896
22 68 11.045361017187261
22 69 16.76305461424021
22 70 23.345235059857504
22 71 40.45985664828782
22 72 26.019223662515376
22 73 24.166091947189145
22 74 38.47076812334269
22 75 21.02379604162864
23 1 54.45181356024793
23 2 49.36598018878993
23 3 25.179356624028344
23 4 24.20743687382041
23 5 49.36598018878993
23 6 36.61966684720111
23 7 17.72004514666935
23 8 12.041594578792296
23 9 31.400636936215164
23 10 16.1245154965971
23 11 12.041594578792296
23 12 48.093658625644196
23 13 49.39635614091387
23 14 26.90724809414742
23 15 56.88585061331157
23 16 26.248809496813376
23 17 9.486832980505138
23 18 55.00909015790027
23 19 48.08326112068523
23 20 61.741396161732524
23 21 60.90155991434045
23 22 20.248456731316587
23 23 0.0
23 24 21.2602916254693
23 25 26.248809496813376
23 26 10.295630140987
23 27 74.96665925596525
23 28 50.24937810560445
23 29 59.07622195096772
23 30 63.13477647065839
23 31 41.7612260356422
23 32 10.04987562112089
23 33 10.816653826391969
23 34 61.40032573203501
23 35 45.34313619501854
23 36 50.24937810560445
23 37 44.598206241955516
23 38 43.86342439892262
23 39 9.433981132056603
23 40 8.602325267042627
23 41 46.61544808322666
23 42 59.53990258641679
23 43 31.0
23 44 61.68468205316454
23 45 45.79301256742124
23 46 30.463092423455635
23 47 50.60632371551998
23 48 78.56844150166147
23 49 22.135943621178654
23 50 18.027756377319946
23 51 61.91122676865643
23 52 19.235384061671343
23 53 10.0
23 54 48.010415536631214
23 55 12.041594578792296
23 56 65.79513659838392
23 57 49.76946855251722
23 58 44.14748010928823
23 59 65.79513659838392
23 60 53.009433122794285
23 61 51.03920062069938
23 62 41.593268686170845
23 63 44.721359549995796
23 64 49.01020301937138
23 65 38.897300677553446
23 66 18.681541692269406
23 67 72.13875518748573
23 68 16.0
23 69 22.561028345356956
23 70 6.082762530298219
23 71 20.518284528683193
23 72 15.0
23 73 39.01281840626232
23 74 57.56735185849702
23 75 36.05551275463989
24 1 43.41658669218482
24 2 63.788713735268246
24 3 41.10960958218893
24 4 29.154759474226502
24 5 33.95585369269929
24 6 44.28317965096906
24 7 34.20526275297414
24 8 24.515301344262525
24 9 52.40229002629561
24 10 33.1058907144937
24 11 31.76476034853718
24 12 64.8459713474939
24 13 68.96375859826666
24 14 32.2490309931942
24 15 74.67261881037788
24 16 31.25699921617557
24 17 29.832867780352597
24 18 70.61161377563892
24 19 51.264022471905186
