1 1 0.0
1 2 5.385164807134504
1 3 4.47213595499958
1 4 5.0990195135927845
1 5 6.0
1 6 2.8284271247461903
1 7 3.1622776601683795
1 8 4.123105625617661
2 1 5.385164807134504
2 2 0.0
2 3 1.0
2 4 1.0
2 5 2.23606797749979
2 6 8.06225774829855
2 7 2.23606797749979
2 8 8.48528137423857
3 1 4.47213595499958
3 2 1.0
3 3 0.0
3 4 1.4142135623730951
3 5 2.8284271247461903
3 6 7.211102550927978
3 7 1.4142135623730951
3 8 7.810249675906654
4 1 5.0990195135927845
4 2 1.0
4 3 1.4142135623730951
4 4 0.0
4 5 1.4142135623730951
4 6 7.615773105863909
4 7 2.0
4 8 7.810249675906654
5 1 6.0
5 2 2.23606797749979
5 3 2.8284271247461903
5 4 1.4142135623730951
5 5 0.0
5 6 8.246211251235321
5 7 3.1622776601683795
5 8 8.06225774829855
6 1 2.8284271247461903
6 2 8.06225774829855
6 3 7.211102550927978
6 4 7.615773105863909
6 5 8.246211251235321
6 6 0.0
6 7 5.830951894845301
6 8 2.23606797749979
7 1 3.1622776601683795
7 2 2.23606797749979
7 3 1.4142135623730951
7 4 2.0
7 5 3.1622776601683795
7 6 5.830951894845301
7 7 0.0
7 8 6.4031242374328485
8 1 4.123105625617661
8 2 8.48528137423857
8 3 7.810249675906654
8 4 7.810249675906654
8 5 8.06225774829855
8 6 2.23606797749979
8 7 6.4031242374328485
8 8 0.0
