1 1 0.0
1 2 32.202484376209235
1 3 12.206555615733702
1 4 2.23606797749979
1 5 24.515301344262525
1 6 7.280109889280518
1 7 17.0
1 8 28.861739379323623
1 9 33.24154027718932
1 10 3.605551275463989
1 11 4.47213595499958
1 12 26.870057685088806
1 13 20.8806130178211
1 14 5.0990195135927845
1 15 3.605551275463989
1 16 16.76305461424021
1 17 24.515301344262525
1 18 13.0
1 19 27.073972741361768
1 20 1.4142135623730951
1 21 2.0
1 22 20.0
1 23 13.601470508735444
1 24 17.69180601295413
1 25 32.57299494980466
1 26 12.529964086141668
1 27 13.0
1 28 37.73592452822641
1 29 17.4928556845359
1 30 28.284271247461902
1 31 30.870698080866262
1 32 30.463092423455635
1 33 12.649110640673518
1 34 24.698178070456937
1 35 15.132745950421556
2 1 32.202484376209235
2 2 0.0
2 3 22.360679774997898
2 4 30.463092423455635
2 5 10.295630140987
2 6 37.44329045369811
2 7 26.076809620810597
2 8 21.02379604162864
2 9 5.830951894845301
2 10 28.635642126552707
2 11 32.449961479175904
2 12 11.180339887498949
2 13 23.769728648009426
2 14 29.410882339705484
2 15 34.17601498127012
2 16 15.811388300841896
2 17 19.6468827043885
2 18 29.017236257093817
2 19 12.165525060596439
2 20 30.870698080866262
2 21 34.0147027033899
2 22 13.152946437965905
2 23 28.42534080710379
2 24 17.029386365926403
2 25 24.08318915758459
2 26 19.697715603592208
2 27 21.2602916254693
2 28 6.708203932499369
2 29 26.92582403567252
2 30 10.04987562112089
2 31 27.018512172212592
2 32 26.019223662515376
2 33 25.079872407968907
2 34 23.769728648009426
2 35 18.439088914585774
3 1 12.206555615733702
3 2 22.360679774997898
3 3 0.0
3 4 10.0
3 5 17.72004514666935
3 6 19.235384061671343
3 7 19.697715603592208
3 8 27.018512172212592
3 9 25.019992006393608
3 10 8.94427190999916
3 11 14.866068747318506
3 12 15.0
3 13 10.04987562112089
3 14 7.810249675906654
3 15 12.806248474865697
3 16 10.295630140987
3 17 22.67156809750927
3 18 7.615773105863909
3 19 21.540659228538015
3 20 10.816653826391969
3 21 13.45362404707371
3 22 9.219544457292887
3 23 18.439088914585774
3 24 5.830951894845301
3 25 31.240998703626616
3 26 5.656854249492381
3 27 11.661903789690601
3 28 26.92582403567252
3 29 20.615528128088304
3 30 21.840329667841555
3 31 31.144823004794873
3 32 30.4138126514911
3 33 3.605551275463989
3 34 24.839484696748443
3 35 11.313708498984761
4 1 2.23606797749979
4 2 30.463092423455635
4 3 10.0
4 4 0.0
4 5 23.194827009486403
4 6 9.486832980505138
4 7 17.204650534085253
4 8 28.460498941515414
4 9 31.78049716414141
4 10 2.0
4 11 6.082762530298219
4 12 24.758836806279895
4 13 18.681541692269406
4 14 3.0
4 15 4.0
4 16 15.297058540778355
4 17 24.041630560342615
4 18 11.045361017187261
4 19 26.0
4 20 1.0
4 21 3.605551275463989
4 22 18.027756377319946
4 23 14.142135623730951
4 24 15.556349186104045
4 25 32.31098884280702
4 26 10.770329614269007
4 27 12.165525060596439
4 28 35.84689665786984
4 29 17.804493814764857
4 30 27.073972741361768
4 31 30.886890422961002
4 32 30.4138126514911
4 33 10.44030650891055
4 34 24.596747752497688
4 35 14.0
5 1 24.515301344262525
5 2 10.295630140987
5 3 17.72004514666935
5 4 23.194827009486403
5 5 0.0
5 6 28.635642126552707
5 7 15.811388300841896
5 8 12.649110640673518
5 9 8.94427190999916
5 10 21.213203435596427
5 11 23.769728648009426
5 12 14.866068747318506
5 13 23.430749027719962
5 14 23.0
5 15 27.16615541441225
5 16 8.0
5 17 10.0
5 18 25.298221281347036
5 19 4.242640687119285
5 20 23.345235059857504
5 21 26.476404589747453
5 22 10.63014581273465
5 23 18.384776310850235
5 24 14.422205101855956
5 25 16.55294535724685
5 26 13.038404810405298
5 27 12.083045973594572
5 28 17.0
5 29 16.64331697709324
5 30 4.123105625617661
5 31 18.439088914585774
5 32 17.46424919657298
5 33 21.18962010041709
5 34 14.035668847618199
5 35 9.486832980505138
6 1 7.280109889280518
6 2 37.44329045369811
6 3 19.235384061671343
6 4 9.486832980505138
6 5 28.635642126552707
6 6 0.0
6 7 17.029386365926403
6 8 30.0
6 9 37.57658845611187
6 10 10.295630140987
6 11 5.0
6 12 33.421549934136806
6 13 28.160255680657446
6 14 12.36931687685298
6 15 9.055385138137417
6 16 21.633307652783937
6 17 26.076809620810597
6 18 20.09975124224178
6 19 30.364452901377952
6 20 8.54400374531753
6 21 7.0
6 22 26.1725046566048
6 23 13.038404810405298
6 24 24.413111231467404
6 25 33.13608305156178
6 26 18.384776310850235
6 27 16.55294535724685
6 28 43.41658669218482
6 29 17.11724276862369
6 30 31.953090617340916
6 31 30.59411708155671
6 32 30.4138126514911
6 33 19.924858845171276
6 34 25.079872407968907
6 35 19.235384061671343
7 1 17.0
7 2 26.076809620810597
7 3 19.697715603592208
7 4 17.204650534085253
7 5 15.811388300841896
7 6 17.029386365926403
7 7 0.0
7 8 13.038404810405298
7 9 24.041630560342615
7 10 15.620499351813308
7 11 13.601470508735444
7 12 27.294688127912362
7 13 29.410882339705484
7 14 19.1049731745428
7 15 20.591260281974
7 16 13.038404810405298
7 17 9.486832980505138
7 18 25.80697580112788
7 19 15.620499351813308
7 20 16.64331697709324
7 21 18.788294228055936
7 22 20.024984394500787
7 23 4.0
7 24 21.213203435596427
7 25 16.1245154965971
7 26 14.560219778561036
7 27 8.246211251235321
7 28 32.7566787083184
7 29 1.0
7 30 17.69180601295413
7 31 13.92838827718412
7 32 13.601470508735444
7 33 22.825424421026653
7 34 8.06225774829855
7 35 10.0
8 1 28.861739379323623
8 2 21.02379604162864
8 3 27.018512172212592
8 4 28.460498941515414
8 5 12.649110640673518
8 6 30.0
8 7 13.038404810405298
8 8 0.0
8 9 16.492422502470642
8 10 26.570660511172846
8 11 26.1725046566048
8 12 27.51363298439521
8 13 34.828149534535996
8 14 29.546573405388315
8 15 32.28002478313795
8 16 16.97056274847714
8 17 4.47213595499958
8 18 34.40930106817051
8 19 9.055385138137417
8 20 28.160255680657446
8 21 30.805843601498726
8 22 22.47220505424423
8 23 17.029386365926403
8 24 25.612496949731394
8 25 4.242640687119285
8 26 21.400934559032695
8 27 16.55294535724685
8 28 27.294688127912362
8 29 13.152946437965905
8 30 11.0
8 31 6.0
8 32 5.0
8 33 30.610455730027933
8 34 5.385164807134504
8 35 15.811388300841896
9 1 33.24154027718932
9 2 5.830951894845301
9 3 25.019992006393608
9 4 31.78049716414141
9 5 8.94427190999916
9 6 37.57658845611187
9 7 24.041630560342615
9 8 16.492422502470642
9 9 0.0
9 10 29.832867780352597
9 11 32.69556544854363
9 12 16.401219466856727
9 13 28.231188426986208
9 14 31.25699921617557
9 15 35.6931365951495
9 16 16.492422502470642
9 17 16.1245154965971
9 18 32.2490309931942
9 19 8.602325267042627
9 20 32.01562118716424
9 21 35.17101079013795
9 22 16.278820596099706
9 23 27.018512172212592
9 24 20.396078054371138
9 25 19.026297590440446
9 26 21.213203435596427
9 27 21.02379604162864
9 28 11.0
9 29 24.758836806279895
9 30 6.4031242374328485
9 31 22.360679774997898
9 32 21.37755832643195
9 33 28.160255680657446
9 34 20.12461179749811
9 35 18.384776310850235
10 1 3.605551275463989
10 2 28.635642126552707
10 3 8.94427190999916
10 4 2.0
10 5 21.213203435596427
10 6 10.295630140987
10 7 15.620499351813308
10 8 26.570660511172846
10 9 29.832867780352597
10 10 0.0
10 11 6.082762530298219
10 12 23.345235059857504
10 13 18.24828759089466
10 14 3.605551275463989
10 15 6.0
10 16 13.341664064126334
10 17 22.135943621178654
10 18 11.40175425099138
10 19 24.0
10 20 2.23606797749979
10 21 5.385164807134504
10 22 16.401219466856727
10 23 12.806248474865697
10 24 14.212670403551895
10 25 30.463092423455635
10 26 8.94427190999916
10 27 10.198039027185569
10 28 34.132096331752024
10 29 16.278820596099706
10 30 25.079872407968907
10 31 29.154759474226502
10 32 28.653097563788805
10 33 10.04987562112089
10 34 22.825424421026653
10 35 12.0
11 1 4.47213595499958
11 2 32.449961479175904
11 3 14.866068747318506
11 4 6.082762530298219
11 5 23.769728648009426
11 6 5.0
11 7 13.601470508735444
11 8 26.1725046566048
11 9 32.69556544854363
11 10 6.082762530298219
11 11 0.0
11 12 28.600699292150182
11 13 24.331050121192877
11 14 9.055385138137417
11 15 7.810249675906654
11 16 16.64331697709324
11 17 22.02271554554524
11 18 17.11724276862369
11 19 25.709920264364882
11 20 5.0990195135927845
11 21 5.656854249492381
11 22 21.2602916254693
11 23 9.848857801796104
11 24 19.72308292331602
11 25 29.614185789921695
11 26 13.45362404707371
11 27 11.704699910719626
11 28 38.41874542459709
11 29 13.92838827718412
11 30 27.202941017470888
11 31 27.51363298439521
11 32 27.202941017470888
11 33 16.1245154965971
11 34 21.587033144922902
11 35 14.317821063276353
12 1 26.870057685088806
12 2 11.180339887498949
12 3 15.0
12 4 24.758836806279895
12 5 14.866068747318506
12 6 33.421549934136806
12 7 27.294688127912362
12 8 27.51363298439521
12 9 16.401219466856727
12 10 23.345235059857504
12 11 28.600699292150182
12 12 0.0
12 13 13.038404810405298
12 14 22.80350850198276
12 15 27.80287754891569
12 16 14.317821063276353
12 17 24.515301344262525
12 18 19.924858845171276
12 19 18.788294228055936
12 20 25.45584412271571
12 21 28.319604517012593
12 22 7.615773105863909
12 23 28.160255680657446
12 24 9.219544457292887
12 25 31.38470965295043
12 26 15.264337522473747
12 27 19.924858845171276
12 28 13.038404810405298
12 29 28.284271247461902
12 30 17.4928556845359
12 31 33.24154027718932
12 32 32.28002478313795
12 33 16.55294535724685
12 34 28.284271247461902
12 35 17.46424919657298
13 1 20.8806130178211
13 2 23.769728648009426
13 3 10.04987562112089
13 4 18.681541692269406
13 5 23.430749027719962
13 6 28.160255680657446
13 7 29.410882339705484
13 8 34.828149534535996
13 9 28.231188426986208
13 10 18.24828759089466
13 11 24.331050121192877
13 12 13.038404810405298
13 13 0.0
13 14 15.811388300841896
13 15 20.12461179749811
13 16 18.027756377319946
13 17 30.805843601498726
13 18 9.219544457292887
13 19 27.65863337187866
13 20 19.6468827043885
13 21 21.540659228538015
13 22 12.806248474865697
13 23 28.442925306655784
13 24 9.219544457292887
13 25 39.05124837953327
13 26 14.866068747318506
13 27 21.18962010041709
13 28 26.0
13 29 30.364452901377952
13 30 27.202941017470888
13 31 39.66106403010388
13 32 38.8329756778952
13 33 8.246211251235321
13 34 33.61547262794322
13 35 20.12461179749811
14 1 5.0990195135927845
14 2 29.410882339705484
14 3 7.810249675906654
14 4 3.0
14 5 23.0
14 6 12.36931687685298
14 7 19.1049731745428
14 8 29.546573405388315
14 9 31.25699921617557
14 10 3.605551275463989
14 11 9.055385138137417
14 12 22.80350850198276
14 13 15.811388300841896
14 14 0.0
14 15 5.0
14 16 15.0
14 17 25.079872407968907
14 18 8.06225774829855
14 19 26.1725046566048
14 20 4.0
14 21 5.830951894845301
14 22 16.55294535724685
14 23 16.401219466856727
14 24 13.601470508735444
14 25 33.54101966249684
14 26 10.04987562112089
14 27 13.0
14 28 34.438350715445125
14 29 19.79898987322333
14 30 27.018512172212592
14 31 32.449961479175904
14 32 31.906112267087632
14 33 7.615773105863909
14 34 26.076809620810597
14 35 14.317821063276353
15 1 3.605551275463989
15 2 34.17601498127012
15 3 12.806248474865697
15 4 4.0
15 5 27.16615541441225
15 6 9.055385138137417
15 7 20.591260281974
15 8 32.28002478313795
15 9 35.6931365951495
15 10 6.0
15 11 7.810249675906654
15 12 27.80287754891569
15 13 20.12461179749811
15 14 5.0
15 15 0.0
15 16 19.235384061671343
15 17 27.892651361962706
15 18 11.40175425099138
15 19 30.0
15 20 4.123105625617661
15 21 2.23606797749979
15 22 21.470910553583888
15 23 17.204650534085253
15 24 18.601075237738275
15 25 36.05551275463989
15 26 14.560219778561036
15 27 16.1245154965971
15 28 39.35733730830886
15 29 21.095023109728988
15 30 31.064449134018133
15 31 34.438350715445125
15 32 34.0147027033899
15 33 12.206555615733702
15 34 28.231188426986208
15 35 18.0
16 1 16.76305461424021
16 2 15.811388300841896
16 3 10.295630140987
16 4 15.297058540778355
16 5 8.0
16 6 21.633307652783937
16 7 13.038404810405298
16 8 16.97056274847714
16 9 16.492422502470642
16 10 13.341664064126334
16 11 16.64331697709324
16 12 14.317821063276353
16 13 18.027756377319946
16 14 15.0
16 15 19.235384061671343
16 16 0.0
16 17 12.806248474865697
16 18 17.88854381999832
16 19 11.40175425099138
16 20 15.524174696260024
16 21 18.681541692269406
16 22 7.0
16 23 13.92838827718412
16 24 8.94427190999916
16 25 21.213203435596427
16 26 5.0990195135927845
16 27 5.830951894845301
16 28 21.93171219946131
16 29 14.035668847618199
16 30 12.041594578792296
16 31 21.633307652783937
16 32 20.808652046684813
16 33 13.892443989449804
16 34 15.652475842498529
16 35 3.1622776601683795
17 1 24.515301344262525
17 2 19.6468827043885
17 3 22.67156809750927
17 4 24.041630560342615
17 5 10.0
17 6 26.076809620810597
17 7 9.486832980505138
17 8 4.47213595499958
17 9 16.1245154965971
17 10 22.135943621178654
17 11 22.02271554554524
17 12 24.515301344262525
17 13 30.805843601498726
17 14 25.079872407968907
17 15 27.892651361962706
17 16 12.806248474865697
17 17 0.0
17 18 30.0
17 19 7.615773105863909
17 20 23.769728648009426
17 21 26.476404589747453
17 22 18.788294228055936
17 23 13.341664064126334
17 24 21.633307652783937
17 25 8.602325267042627
17 26 17.029386365926403
17 27 12.083045973594572
17 28 26.248809496813376
17 29 9.848857801796104
17 30 9.848857801796104
17 31 8.94427190999916
17 32 8.06225774829855
17 33 26.248809496813376
17 34 4.123105625617661
17 35 11.40175425099138
18 1 13.0
18 2 29.017236257093817
18 3 7.615773105863909
18 4 11.045361017187261
18 5 25.298221281347036
18 6 20.09975124224178
18 7 25.80697580112788
18 8 34.40930106817051
18 9 32.2490309931942
18 10 11.40175425099138
18 11 17.11724276862369
18 12 19.924858845171276
18 13 9.219544457292887
18 14 8.06225774829855
18 15 11.40175425099138
18 16 17.88854381999832
18 17 30.0
18 18 0.0
18 19 29.154759474226502
18 20 12.041594578792296
18 21 13.152946437965905
18 22 16.0312195418814
18 23 23.706539182259394
18 24 12.0
18 25 38.600518131237564
18 26 13.038404810405298
18 27 18.384776310850235
18 28 32.7566787083184
18 29 26.627053911388696
18 30 29.410882339705484
18 31 38.2099463490856
18 32 37.53664875824692
18 33 4.123105625617661
18 34 31.827660925679098
18 35 18.601075237738275
19 1 27.073972741361768
19 2 12.165525060596439
19 3 21.540659228538015
19 4 26.0
19 5 4.242640687119285
19 6 30.364452901377952
19 7 15.620499351813308
19 8 9.055385138137417
19 9 8.602325267042627
19 10 24.0
19 11 25.709920264364882
19 12 18.788294228055936
19 13 27.65863337187866
19 14 26.1725046566048
19 15 30.0
19 16 11.40175425099138
19 17 7.615773105863909
19 18 29.154759474226502
19 19 0.0
19 20 26.019223662515376
19 21 29.068883707497267
19 22 14.866068747318506
19 23 18.867962264113206
19 24 18.601075237738275
19 25 12.649110640673518
19 26 16.492422502470642
19 27 14.142135623730951
19 28 18.681541692269406
19 29 16.278820596099706
19 30 2.23606797749979
19 31 15.033296378372908
19 32 14.035668847618199
19 33 25.079872407968907
19 34 11.704699910719626
19 35 12.0
20 1 1.4142135623730951
20 2 30.870698080866262
20 3 10.816653826391969
20 4 1.0
20 5 23.345235059857504
20 6 8.54400374531753
20 7 16.64331697709324
20 8 28.160255680657446
20 9 32.01562118716424
20 10 2.23606797749979
20 11 5.0990195135927845
20 12 25.45584412271571
20 13 19.6468827043885
20 14 4.0
20 15 4.123105625617661
20 16 15.524174696260024
20 17 23.769728648009426
20 18 12.041594578792296
20 19 26.019223662515376
20 20 0.0
20 21 3.1622776601683795
20 22 18.601075237738275
20 23 13.45362404707371
20 24 16.278820596099706
20 25 31.953090617340916
20 26 11.180339887498949
20 27 12.041594578792296
20 28 36.359317925395686
20 29 17.204650534085253
20 30 27.16615541441225
20 31 30.4138126514911
20 32 29.966648127543394
20 33 11.40175425099138
20 34 24.166091947189145
20 35 14.035668847618199
21 1 2.0
21 2 34.0147027033899
21 3 13.45362404707371
21 4 3.605551275463989
21 5 26.476404589747453
21 6 7.0
21 7 18.788294228055936
21 8 30.805843601498726
21 9 35.17101079013795
21 10 5.385164807134504
21 11 5.656854249492381
21 12 28.319604517012593
21 13 21.540659228538015
21 14 5.830951894845301
21 15 2.23606797749979
21 16 18.681541692269406
21 17 26.476404589747453
21 18 13.152946437965905
21 19 29.068883707497267
21 20 3.1622776601683795
21 21 0.0
21 22 21.633307652783937
21 23 15.264337522473747
21 24 19.1049731745428
21 25 34.48187929913333
21 26 14.317821063276353
21 27 15.0
21 28 39.44616584663204
21 29 19.235384061671343
21 30 30.265491900843113
21 31 32.69556544854363
21 32 32.31098884280702
21 33 13.416407864998739
21 34 26.570660511172846
21 35 17.11724276862369
22 1 20.0
22 2 13.152946437965905
22 3 9.219544457292887
22 4 18.027756377319946
22 5 10.63014581273465
22 6 26.1725046566048
22 7 20.024984394500787
22 8 22.47220505424423
22 9 16.278820596099706
22 10 16.401219466856727
22 11 21.2602916254693
22 12 7.615773105863909
22 13 12.806248474865697
22 14 16.55294535724685
22 15 21.470910553583888
22 16 7.0
22 17 18.788294228055936
22 18 16.0312195418814
22 19 14.866068747318506
22 20 18.601075237738275
22 21 21.633307652783937
22 22 0.0
22 23 20.615528128088304
22 24 4.123105625617661
22 25 26.627053911388696
22 26 7.810249675906654
22 27 12.36931687685298
22 28 17.88854381999832
22 29 21.02379604162864
22 30 14.422205101855956
22 31 27.730849247724095
22 32 26.832815729997478
22 33 12.0
22 34 22.135943621178654
22 35 10.04987562112089
23 1 13.601470508735444
23 2 28.42534080710379
23 3 18.439088914585774
23 4 14.142135623730951
23 5 18.384776310850235
23 6 13.038404810405298
23 7 4.0
23 8 17.029386365926403
23 9 27.018512172212592
23 10 12.806248474865697
23 11 9.848857801796104
23 12 28.160255680657446
23 13 28.442925306655784
23 14 16.401219466856727
23 15 17.204650534085253
23 16 13.92838827718412
23 17 13.341664064126334
23 18 23.706539182259394
23 19 18.867962264113206
23 20 13.45362404707371
23 21 15.264337522473747
23 22 20.615528128088304
23 23 0.0
23 24 21.02379604162864
23 25 20.09975124224178
23 26 14.0
23 27 8.246211251235321
23 28 35.0
23 29 4.123105625617661
23 30 20.808652046684813
23 31 17.72004514666935
23 32 17.46424919657298
23 33 21.18962010041709
23 34 12.041594578792296
23 35 10.770329614269007
24 1 17.69180601295413
24 2 17.029386365926403
24 3 5.830951894845301
24 4 15.556349186104045
24 5 14.422205101855956
24 6 24.413111231467404
24 7 21.213203435596427
24 8 25.612496949731394
24 9 20.396078054371138
24 10 14.212670403551895
24 11 19.72308292331602
24 12 9.219544457292887
24 13 9.219544457292887
24 14 13.601470508735444
24 15 18.601075237738275
24 16 8.94427190999916
24 17 21.633307652783937
24 18 12.0
24 19 18.601075237738275
24 20 16.278820596099706
24 21 19.1049731745428
24 22 4.123105625617661
24 23 21.02379604162864
24 24 0.0
24 25 29.832867780352597
24 26 7.0710678118654755
24 27 13.038404810405298
24 28 21.18962010041709
24 29 22.20360331117452
24 30 18.35755975068582
24 31 30.528675044947494
24 32 29.68164415931166
24 33 8.06225774829855
24 34 24.596747752497688
24 35 11.40175425099138
25 1 32.57299494980466
25 2 24.08318915758459
25 3 31.240998703626616
25 4 32.31098884280702
25 5 16.55294535724685
25 6 33.13608305156178
25 7 16.1245154965971
25 8 4.242640687119285
25 9 19.026297590440446
25 10 30.463092423455635
25 11 29.614185789921695
25 12 31.38470965295043
25 13 39.05124837953327
25 14 33.54101966249684
25 15 36.05551275463989
25 16 21.213203435596427
25 17 8.602325267042627
25 18 38.600518131237564
25 19 12.649110640673518
25 20 31.953090617340916
25 21 34.48187929913333
25 22 26.627053911388696
25 23 20.09975124224178
25 24 29.832867780352597
25 25 0.0
25 26 25.612496949731394
25 27 20.591260281974
25 28 30.01666203960727
25 29 16.0312195418814
25 30 14.317821063276353
25 31 4.242640687119285
25 32 3.605551275463989
25 33 34.828149534535996
25 34 8.06225774829855
25 35 20.0
26 1 12.529964086141668
26 2 19.697715603592208
26 3 5.656854249492381
26 4 10.770329614269007
26 5 13.038404810405298
26 6 18.384776310850235
26 7 14.560219778561036
26 8 21.400934559032695
26 9 21.213203435596427
26 10 8.94427190999916
26 11 13.45362404707371
26 12 15.264337522473747
26 13 14.866068747318506
26 14 10.04987562112089
26 15 14.560219778561036
26 16 5.0990195135927845
26 17 17.029386365926403
26 18 13.038404810405298
26 19 16.492422502470642
26 20 11.180339887498949
26 21 14.317821063276353
26 22 7.810249675906654
26 23 14.0
26 24 7.0710678118654755
26 25 25.612496949731394
26 26 0.0
26 27 6.324555320336759
26 28 25.238858928247925
26 29 15.524174696260024
26 30 17.11724276862369
26 31 25.495097567963924
26 32 24.758836806279895
26 33 9.219544457292887
26 34 19.209372712298546
26 35 5.656854249492381
27 1 13.0
27 2 21.2602916254693
27 3 11.661903789690601
27 4 12.165525060596439
27 5 12.083045973594572
27 6 16.55294535724685
27 7 8.246211251235321
27 8 16.55294535724685
27 9 21.02379604162864
27 10 10.198039027185569
27 11 11.704699910719626
27 12 19.924858845171276
27 13 21.18962010041709
27 14 13.0
27 15 16.1245154965971
27 16 5.830951894845301
27 17 12.083045973594572
27 18 18.384776310850235
27 19 14.142135623730951
27 20 12.041594578792296
27 21 15.0
27 22 12.36931687685298
27 23 8.246211251235321
27 24 13.038404810405298
27 25 20.591260281974
27 26 6.324555320336759
27 27 0.0
27 28 27.586228448267445
27 29 9.219544457292887
27 30 15.524174696260024
27 31 19.849433241279208
27 32 19.209372712298546
27 33 15.0
27 34 13.45362404707371
27 35 2.8284271247461903
28 1 37.73592452822641
28 2 6.708203932499369
28 3 26.92582403567252
28 4 35.84689665786984
28 5 17.0
28 6 43.41658669218482
28 7 32.7566787083184
28 8 27.294688127912362
28 9 11.0
28 10 34.132096331752024
28 11 38.41874542459709
28 12 13.038404810405298
28 13 26.0
28 14 34.438350715445125
28 15 39.35733730830886
28 16 21.93171219946131
28 17 26.248809496813376
28 18 32.7566787083184
28 19 18.681541692269406
28 20 36.359317925395686
28 21 39.44616584663204
28 22 17.88854381999832
28 23 35.0
28 24 21.18962010041709
28 25 30.01666203960727
28 26 25.238858928247925
28 27 27.586228448267445
28 28 0.0
28 29 33.61547262794322
28 30 16.492422502470642
28 31 33.24154027718932
28 32 32.2490309931942
28 33 29.120439557122072
28 34 30.364452901377952
28 35 24.758836806279895
29 1 17.4928556845359
29 2 26.92582403567252
29 3 20.615528128088304
29 4 17.804493814764857
29 5 16.64331697709324
29 6 17.11724276862369
29 7 1.0
29 8 13.152946437965905
29 9 24.758836806279895
29 10 16.278820596099706
29 11 13.92838827718412
29 12 28.284271247461902
29 13 30.364452901377952
29 14 19.79898987322333
29 15 21.095023109728988
29 16 14.035668847618199
29 17 9.848857801796104
29 18 26.627053911388696
29 19 16.278820596099706
29 20 17.204650534085253
29 21 19.235384061671343
29 22 21.02379604162864
29 23 4.123105625617661
29 24 22.20360331117452
29 25 16.0312195418814
29 26 15.524174696260024
29 27 9.219544457292887
29 28 33.61547262794322
29 29 0.0
29 30 18.384776310850235
29 31 13.601470508735444
29 32 13.341664064126334
29 33 23.706539182259394
29 34 8.0
29 35 11.0
30 1 28.284271247461902
30 2 10.04987562112089
30 3 21.840329667841555
30 4 27.073972741361768
30 5 4.123105625617661
30 6 31.953090617340916
30 7 17.69180601295413
30 8 11.0
30 9 6.4031242374328485
30 10 25.079872407968907
30 11 27.202941017470888
30 12 17.4928556845359
30 13 27.202941017470888
30 14 27.018512172212592
30 15 31.064449134018133
30 16 12.041594578792296
30 17 9.848857801796104
30 18 29.410882339705484
30 19 2.23606797749979
30 20 27.16615541441225
30 21 30.265491900843113
30 22 14.422205101855956
30 23 20.808652046684813
30 24 18.35755975068582
30 25 14.317821063276353
30 26 17.11724276862369
30 27 15.524174696260024
30 28 16.492422502470642
30 29 18.384776310850235
30 30 0.0
30 31 17.0
30 32 16.0
30 33 25.298221281347036
30 34 13.92838827718412
30 35 13.152946437965905
31 1 30.870698080866262
31 2 27.018512172212592
31 3 31.144823004794873
31 4 30.886890422961002
31 5 18.439088914585774
31 6 30.59411708155671
31 7 13.92838827718412
31 8 6.0
31 9 22.360679774997898
31 10 29.154759474226502
31 11 27.51363298439521
31 12 33.24154027718932
31 13 39.66106403010388
31 14 32.449961479175904
31 15 34.438350715445125
31 16 21.633307652783937
31 17 8.94427190999916
31 18 38.2099463490856
31 19 15.033296378372908
31 20 30.4138126514911
31 21 32.69556544854363
31 22 27.730849247724095
31 23 17.72004514666935
31 24 30.528675044947494
31 25 4.242640687119285
31 26 25.495097567963924
31 27 19.849433241279208
31 28 33.24154027718932
31 29 13.601470508735444
31 30 17.0
31 31 0.0
31 32 1.0
31 33 34.655446902326915
31 34 6.4031242374328485
31 35 19.849433241279208
32 1 30.463092423455635
32 2 26.019223662515376
32 3 30.4138126514911
32 4 30.4138126514911
32 5 17.46424919657298
32 6 30.4138126514911
32 7 13.601470508735444
32 8 5.0
32 9 21.37755832643195
32 10 28.653097563788805
32 11 27.202941017470888
32 12 32.28002478313795
32 13 38.8329756778952
32 14 31.906112267087632
32 15 34.0147027033899
32 16 20.808652046684813
32 17 8.06225774829855
32 18 37.53664875824692
32 19 14.035668847618199
32 20 29.966648127543394
32 21 32.31098884280702
32 22 26.832815729997478
32 23 17.46424919657298
32 24 29.68164415931166
32 25 3.605551275463989
32 26 24.758836806279895
32 27 19.209372712298546
32 28 32.2490309931942
32 29 13.341664064126334
32 30 16.0
32 31 1.0
32 32 0.0
32 33 33.94112549695428
32 34 5.830951894845301
32 35 19.1049731745428
33 1 12.649110640673518
33 2 25.079872407968907
33 3 3.605551275463989
33 4 10.44030650891055
33 5 21.18962010041709
33 6 19.924858845171276
33 7 22.825424421026653
33 8 30.610455730027933
33 9 28.160255680657446
33 10 10.04987562112089
33 11 16.1245154965971
33 12 16.55294535724685
33 13 8.246211251235321
33 14 7.615773105863909
33 15 12.206555615733702
33 16 13.892443989449804
33 17 26.248809496813376
33 18 4.123105625617661
33 19 25.079872407968907
33 20 11.40175425099138
33 21 13.416407864998739
33 22 12.0
33 23 21.18962010041709
33 24 8.06225774829855
33 25 34.828149534535996
33 26 9.219544457292887
33 27 15.0
33 28 29.120439557122072
33 29 23.706539182259394
33 30 25.298221281347036
33 31 34.655446902326915
33 32 33.94112549695428
33 33 0.0
33 34 28.319604517012593
33 35 14.866068747318506
34 1 24.698178070456937
34 2 23.769728648009426
34 3 24.839484696748443
34 4 24.596747752497688
34 5 14.035668847618199
34 6 25.079872407968907
34 7 8.06225774829855
34 8 5.385164807134504
34 9 20.12461179749811
34 10 22.825424421026653
34 11 21.587033144922902
34 12 28.284271247461902
34 13 33.61547262794322
34 14 26.076809620810597
34 15 28.231188426986208
34 16 15.652475842498529
34 17 4.123105625617661
34 18 31.827660925679098
34 19 11.704699910719626
34 20 24.166091947189145
34 21 26.570660511172846
34 22 22.135943621178654
34 23 12.041594578792296
34 24 24.596747752497688
34 25 8.06225774829855
34 26 19.209372712298546
34 27 13.45362404707371
34 28 30.364452901377952
34 29 8.0
34 30 13.92838827718412
34 31 6.4031242374328485
34 32 5.830951894845301
34 33 28.319604517012593
34 34 0.0
34 35 13.601470508735444
35 1 15.132745950421556
35 2 18.439088914585774
35 3 11.313708498984761
35 4 14.0
35 5 9.486832980505138
35 6 19.235384061671343
35 7 10.0
35 8 15.811388300841896
35 9 18.384776310850235
35 10 12.0
35 11 14.317821063276353
35 12 17.46424919657298
35 13 20.12461179749811
35 14 14.317821063276353
35 15 18.0
35 16 3.1622776601683795
35 17 11.40175425099138
35 18 18.601075237738275
35 19 12.0
35 20 14.035668847618199
35 21 17.11724276862369
35 22 10.04987562112089
35 23 10.770329614269007
35 24 11.40175425099138
35 25 20.0
35 26 5.656854249492381
35 27 2.8284271247461903
35 28 24.758836806279895
35 29 11.0
35 30 13.152946437965905
35 31 19.849433241279208
35 32 19.1049731745428
35 33 14.866068747318506
35 34 13.601470508735444
35 35 0.0
