1 1 0.0
1 2 31.38470965295043
1 3 31.064449134018133
1 4 22.825424421026653
1 5 7.615773105863909
1 6 31.064449134018133
1 7 28.861739379323623
1 8 21.93171219946131
1 9 16.55294535724685
1 10 25.0
1 11 22.360679774997898
1 12 12.206555615733702
1 13 31.25699921617557
1 14 34.655446902326915
1 15 43.18564576337837
1 16 35.84689665786984
1 17 28.284271247461902
1 18 17.804493814764857
1 19 5.0
1 20 41.012193308819754
1 21 29.410882339705484
1 22 28.071337695236398
1 23 40.01249804748511
1 24 25.079872407968907
1 25 7.0710678118654755
1 26 28.071337695236398
1 27 10.44030650891055
1 28 25.079872407968907
1 29 7.0710678118654755
1 30 33.1058907144937
1 31 49.8196748283246
1 32 32.202484376209235
1 33 10.198039027185569
1 34 41.400483088968905
1 35 3.1622776601683795
1 36 2.0
1 37 39.05124837953327
1 38 16.0312195418814
1 39 24.839484696748443
1 40 21.470910553583888
1 41 36.235341863986875
1 42 9.486832980505138
1 43 4.123105625617661
1 44 45.27692569068709
1 45 33.06055050963308
2 1 31.38470965295043
2 2 0.0
2 3 18.439088914585774
2 4 16.492422502470642
2 5 23.853720883753127
2 6 14.560219778561036
2 7 9.055385138137417
2 8 12.0
2 9 20.024984394500787
2 10 7.0710678118654755
2 11 37.21558813185679
2 12 38.07886552931954
2 13 34.438350715445125
2 14 9.486832980505138
2 15 16.1245154965971
2 16 21.400934559032695
2 17 12.041594578792296
2 18 13.92838827718412
2 19 27.202941017470888
2 20 13.152946437965905
2 21 21.633307652783937
2 22 31.38470965295043
2 23 36.87817782917155
2 24 14.142135623730951
2 25 26.248809496813376
2 26 18.027756377319946
2 27 39.21734310225516
2 28 18.384776310850235
2 29 37.16180835212409
2 30 19.1049731745428
2 31 23.345235059857504
2 32 2.8284271247461903
2 33 41.14608122288197
2 34 17.11724276862369
2 35 33.83784863137726
2 36 30.4138126514911
2 37 9.486832980505138
2 38 28.0
2 39 8.0
2 40 10.0
2 41 7.0710678118654755
2 42 26.1725046566048
2 43 35.35533905932738
2 44 17.46424919657298
2 45 30.23243291566195
3 1 31.064449134018133
3 2 18.439088914585774
3 3 0.0
3 4 29.732137494637012
3 5 24.515301344262525
3 6 4.0
3 7 9.486832980505138
3 8 24.08318915758459
3 9 29.410882339705484
3 10 20.248456731316587
3 11 46.52956049652737
3 12 41.97618372363071
3 13 48.104053883222775
3 14 27.892651361962706
3 15 34.058772731852805
3 16 38.91015291668744
3 17 6.708203932499369
3 18 21.400934559032695
3 19 26.076809620810597
3 20 31.064449134018133
3 21 37.20215047547655
3 22 44.598206241955516
3 23 52.80151512977634
3 24 7.211102550927978
3 25 24.020824298928627
3 26 3.0
3 27 41.30375285612676
3 28 32.64965543462902
3 29 38.118237105091836
3 30 36.235341863986875
3 31 41.0
3 32 16.1245154965971
3 33 41.0
3 34 35.510561809129406
3 35 32.01562118716424
3 36 31.25699921617557
3 37 27.018512172212592
3 38 36.71511950137164
3 39 21.633307652783937
3 40 16.97056274847714
3 41 25.179356624028344
3 42 22.02271554554524
3 43 35.014282800023196
3 44 35.0
3 45 45.45327270945405
4 1 22.825424421026653
4 2 16.492422502470642
4 3 29.732137494637012
4 4 0.0
4 5 17.46424919657298
4 6 26.90724809414742
4 7 21.400934559032695
4 8 5.656854249492381
4 9 6.4031242374328485
4 10 10.295630140987
4 11 21.0
4 12 24.698178070456937
4 13 18.601075237738275
4 14 13.92838827718412
4 15 21.633307652783937
4 16 13.341664064126334
4 17 23.345235059857504
4 18 9.486832980505138
4 19 20.8806130178211
4 20 20.12461179749811
4 21 8.246211251235321
4 22 15.264337522473747
4 23 23.323807579381203
4 24 22.80350850198276
4 25 21.37755832643195
4 26 27.80287754891569
4 27 27.018512172212592
4 28 3.1622776601683795
4 29 26.1725046566048
4 30 10.44030650891055
4 31 27.586228448267445
4 32 18.973665961010276
4 33 30.4138126514911
4 34 19.1049731745428
4 35 25.942243542145693
4 36 21.095023109728988
4 37 19.6468827043885
4 38 12.649110640673518
4 39 8.94427190999916
4 40 12.806248474865697
4 41 17.26267650163207
4 42 23.08679276123039
4 43 25.80697580112788
4 44 23.853720883753127
4 45 15.811388300841896
5 1 7.615773105863909
5 2 23.853720883753127
5 3 24.515301344262525
5 4 17.46424919657298
5 5 0.0
5 6 24.020824298928627
5 7 21.37755832643195
5 8 15.264337522473747
5 9 12.0
5 10 17.69180601295413
5 11 24.041630560342615
5 12 17.46424919657298
5 13 30.083217912982647
5 14 27.80287754891569
5 15 36.40054944640259
5 16 30.805843601498726
5 17 21.02379604162864
5 18 10.63014581273465
5 19 3.605551275463989
5 20 34.058772731852805
5 21 25.079872407968907
5 22 26.570660511172846
5 23 37.8549864614954
5 24 18.027756377319946
5 25 4.0
5 26 21.587033144922902
5 27 17.0
5 28 20.223748416156685
5 29 14.142135623730951
5 30 27.892651361962706
5 31 43.266615305567875
5 32 24.596747752497688
5 33 17.72004514666935
5 34 34.9857113690718
5 35 10.0
5 36 7.0710678118654755
5 37 31.827660925679098
5 38 15.264337522473747
5 39 17.69180601295413
5 40 13.892443989449804
5 41 29.0
5 42 6.324555320336759
5 43 11.704699910719626
5 44 38.41874542459709
5 45 30.4138126514911
6 1 31.064449134018133
6 2 14.560219778561036
6 3 4.0
6 4 26.90724809414742
6 5 24.020824298928627
6 6 0.0
6 7 5.830951894845301
6 8 21.2602916254693
6 9 27.294688127912362
6 10 17.029386365926403
6 11 44.77722635447622
6 12 41.30375285612676
6 13 45.45327270945405
6 14 24.041630560342615
6 15 30.066592756745816
6 16 35.35533905932738
6 17 3.605551275463989
6 18 19.235384061671343
6 19 26.076809620810597
6 20 27.073972741361768
6 21 34.058772731852805
6 22 42.01190307520001
6 23 49.678969393496885
6 24 6.0
6 25 24.186773244895647
6 26 5.0
6 27 41.012193308819754
6 28 29.698484809834994
6 29 38.01315561749642
6 30 32.7566787083184
6 31 37.0
6 32 12.165525060596439
6 33 41.19465984809196
6 34 31.575306807693888
6 35 32.38826948140329
6 36 31.0
6 37 23.021728866442675
6 38 34.92849839314596
6 39 18.439088914585774
6 40 14.422205101855956
6 41 21.213203435596427
6 42 22.561028345356956
6 43 35.12833614050059
6 44 31.0
6 45 42.44997055358225
7 1 28.861739379323623
7 2 9.055385138137417
7 3 9.486832980505138
7 4 21.400934559032695
7 5 21.37755832643195
7 6 5.830951894845301
7 7 0.0
7 8 15.811388300841896
7 9 22.47220505424423
7 10 11.313708498984761
7 11 40.162171256046406
7 12 38.0
7 13 40.0
7 14 18.439088914585774
7 15 25.019992006393608
7 16 29.5296461204668
7 17 3.0
7 18 14.560219778561036
7 19 24.041630560342615
7 20 22.02271554554524
7 21 28.319604517012593
7 22 36.61966684720111
7 23 43.93176527297759
7 24 5.830951894845301
7 25 22.47220505424423
7 26 9.0
7 27 38.2099463490856
7 28 24.08318915758459
7 29 35.510561809129406
7 30 26.92582403567252
7 31 32.14031735997639
7 32 7.0710678118654755
7 33 39.05124837953327
7 34 26.1725046566048
7 35 30.675723300355934
7 36 28.442925306655784
7 37 18.110770276274835
7 38 30.364452901377952
7 39 12.727922061357855
7 40 9.486832980505138
7 41 16.0
7 42 21.470910553583888
7 43 32.984845004941285
7 44 26.1725046566048
7 45 36.76955262170047
8 1 21.93171219946131
8 2 12.0
8 3 24.08318915758459
8 4 5.656854249492381
8 5 15.264337522473747
8 6 21.2602916254693
8 7 15.811388300841896
8 8 0.0
8 9 8.06225774829855
8 10 5.0990195135927845
8 11 25.317977802344327
8 12 26.570660511172846
8 13 24.20743687382041
8 14 12.727922061357855
8 15 21.2602916254693
8 16 17.029386365926403
8 17 17.69180601295413
8 18 5.0990195135927845
8 19 18.867962264113206
8 20 19.1049731745428
8 21 13.416407864998739
8 22 20.808652046684813
8 23 28.844410203711913
8 24 17.204650534085253
8 25 18.788294228055936
8 26 22.20360331117452
8 27 28.178005607210743
8 28 8.602325267042627
8 29 26.627053911388696
8 30 14.035668847618199
8 31 28.0178514522438
8 32 14.142135623730951
8 33 30.805843601498726
8 34 19.72308292331602
8 35 24.839484696748443
8 36 20.518284528683193
8 37 17.4928556845359
8 38 16.0
8 39 4.0
8 40 7.211102550927978
8 41 14.7648230602334
8 42 19.924858845171276
8 43 25.495097567963924
8 44 23.345235059857504
8 45 21.400934559032695
9 1 16.55294535724685
9 2 20.024984394500787
9 3 29.410882339705484
9 4 6.4031242374328485
9 5 12.0
9 6 27.294688127912362
9 7 22.47220505424423
9 8 8.06225774829855
9 9 0.0
9 10 13.0
9 11 17.72004514666935
9 12 18.788294228055936
9 13 19.4164878389476
9 14 19.72308292331602
9 15 27.80287754891569
9 16 19.313207915827967
9 17 23.706539182259394
9 18 8.06225774829855
9 19 15.132745950421556
9 20 26.076809620810597
9 21 13.152946437965905
9 22 15.811388300841896
9 23 26.248809496813376
9 24 22.20360331117452
9 25 16.0
9 26 27.018512172212592
9 27 20.808652046684813
9 28 8.54400374531753
9 29 19.79898987322333
9 30 16.55294535724685
9 31 33.94112549695428
9 32 22.02271554554524
9 33 24.041630560342615
9 34 25.45584412271571
9 35 19.697715603592208
9 36 14.7648230602334
9 37 25.079872407968907
9 38 8.06225774829855
9 39 12.041594578792296
9 40 13.0
9 41 22.47220505424423
9 42 18.110770276274835
9 43 19.4164878389476
9 44 30.0
9 45 18.681541692269406
10 1 25.0
10 2 7.0710678118654755
10 3 20.248456731316587
10 4 10.295630140987
10 5 17.69180601295413
10 6 17.029386365926403
10 7 11.313708498984761
10 8 5.0990195135927845
10 9 13.0
10 10 0.0
10 11 30.4138126514911
10 12 31.04834939252005
10 13 28.844410203711913
10 14 10.770329614269007
10 15 19.235384061671343
10 16 18.973665961010276
10 17 13.601470508735444
10 18 7.211102550927978
10 19 21.213203435596427
10 20 16.64331697709324
10 21 17.029386365926403
10 22 25.553864678361276
10 23 32.64965543462902
10 24 13.92838827718412
10 25 20.615528128088304
10 26 18.788294228055936
10 27 32.31098884280702
10 28 12.806248474865697
10 29 30.4138126514911
10 30 16.15549442140351
10 31 26.40075756488817
10 32 9.055385138137417
10 33 34.48187929913333
10 34 18.681541692269406
10 35 27.65863337187866
10 36 23.853720883753127
10 37 14.142135623730951
10 38 21.02379604162864
10 39 1.4142135623730951
10 40 5.0990195135927845
10 41 11.313708498984761
10 42 21.095023109728988
10 43 28.844410203711913
10 44 21.095023109728988
10 45 25.45584412271571
11 1 22.360679774997898
11 2 37.21558813185679
11 3 46.52956049652737
11 4 21.0
11 5 24.041630560342615
11 6 44.77722635447622
11 7 40.162171256046406
11 8 25.317977802344327
11 9 17.72004514666935
11 10 30.4138126514911
11 11 0.0
11 12 13.0
11 13 12.529964086141668
11 14 34.36568055487916
11 15 40.80441152620633
11 16 27.294688127912362
11 17 41.23105625617661
11 18 25.632011235952593
11 19 25.0
11 20 40.024992192379
11 21 20.615528128088304
11 22 11.313708498984761
11 23 21.93171219946131
11 24 39.35733730830886
11 25 27.018512172212592
11 26 43.9089968002003
11 27 17.0
11 28 20.223748416156685
11 29 19.235384061671343
11 30 26.0
11 31 45.18849411078001
11 32 39.45883931389772
11 33 22.0
11 34 37.33630940518894
11 35 24.698178070456937
11 36 20.591260281974
11 37 40.311288741492746
11 38 9.848857801796104
11 39 29.274562336608895
11 40 30.675723300355934
11 41 38.118237105091836
11 42 29.832867780352597
11 43 21.840329667841555
11 44 43.01162633521314
11 45 17.69180601295413
12 1 12.206555615733702
12 2 38.07886552931954
12 3 41.97618372363071
12 4 24.698178070456937
12 5 17.46424919657298
12 6 41.30375285612676
12 7 38.0
12 8 26.570660511172846
12 9 18.788294228055936
12 10 31.04834939252005
12 11 13.0
12 12 0.0
12 13 24.73863375370596
12 14 38.47076812334269
12 15 46.32493928760188
12 16 35.38361202590826
12 17 38.118237105091836
12 18 24.331050121192877
12 19 16.55294535724685
12 20 44.77722635447622
12 21 28.319604517012593
12 22 22.47220505424423
12 23 34.20526275297414
12 24 35.35533905932738
12 25 18.788294228055936
12 26 39.05124837953327
12 27 4.0
12 28 25.612496949731394
12 29 6.708203932499369
12 30 33.24154027718932
12 31 52.009614495783374
12 32 39.6232255123179
12 33 9.0
12 34 43.60045871318328
12 35 13.45362404707371
12 36 11.180339887498949
12 37 43.86342439892262
12 38 12.727922061357855
12 39 30.364452901377952
12 40 29.154759474226502
12 41 41.23105625617661
12 42 21.470910553583888
12 43 10.0
12 44 48.54894437575342
12 45 28.635642126552707
13 1 31.25699921617557
13 2 34.438350715445125
13 3 48.104053883222775
13 4 18.601075237738275
13 5 30.083217912982647
13 6 45.45327270945405
13 7 40.0
13 8 24.20743687382041
13 9 19.4164878389476
13 10 28.844410203711913
13 11 12.529964086141668
13 12 24.73863375370596
13 13 0.0
13 14 28.635642126552707
13 15 33.015148038438355
13 16 18.110770276274835
13 17 41.86884283091664
13 18 26.90724809414742
13 19 32.28002478313795
13 20 33.06055050963308
13 21 13.341664064126334
13 22 3.605551275463989
13 23 9.486832980505138
13 24 41.012193308819754
13 25 33.83784863137726
13 26 45.967379738244816
13 27 28.635642126552707
13 28 16.1245154965971
13 29 30.14962686336267
13 30 18.027756377319946
13 31 35.90264614203248
13 32 37.12142238654117
13 33 33.54101966249684
13 34 29.068883707497267
13 35 34.132096331752024
13 36 29.274562336608895
13 37 34.52535300326414
13 38 15.297058540778355
13 39 27.459060435491963
13 40 31.144823004794873
13 41 32.984845004941285
13 42 36.40054944640259
13 43 32.0
13 44 35.05709628591621
13 45 6.324555320336759
14 1 34.655446902326915
14 2 9.486832980505138
14 3 27.892651361962706
14 4 13.92838827718412
14 5 27.80287754891569
14 6 24.041630560342615
14 7 18.439088914585774
14 8 12.727922061357855
14 9 19.72308292331602
14 10 10.770329614269007
14 11 34.36568055487916
14 12 38.47076812334269
14 13 28.635642126552707
14 14 0.0
14 15 8.602325267042627
14 16 12.806248474865697
14 17 21.37755832643195
14 18 17.204650534085253
14 19 31.400636936215164
14 20 6.4031242374328485
14 21 15.297058540778355
14 22 26.1725046566048
14 23 29.154759474226502
14 24 23.021728866442675
14 25 31.064449134018133
14 26 27.294688127912362
14 27 40.496913462633174
14 28 14.142135623730951
14 29 39.20459156782532
14 30 11.180339887498949
14 31 15.652475842498529
14 32 12.083045973594572
14 33 43.41658669218482
14 34 8.06225774829855
14 35 37.53664875824692
14 36 33.24154027718932
14 37 6.0
14 38 26.570660511172846
14 39 10.295630140987
14 40 15.811388300841896
14 41 4.47213595499958
14 42 31.76476034853718
14 43 38.2099463490856
14 44 10.63014581273465
14 45 23.40939982143925
15 1 43.18564576337837
15 2 16.1245154965971
15 3 34.058772731852805
15 4 21.633307652783937
15 5 36.40054944640259
15 6 30.066592756745816
15 7 25.019992006393608
15 8 21.2602916254693
15 9 27.80287754891569
15 10 19.235384061671343
15 11 40.80441152620633
15 12 46.32493928760188
15 13 33.015148038438355
15 14 8.602325267042627
15 15 0.0
15 16 15.033296378372908
15 17 28.0178514522438
15 18 25.80697580112788
15 19 40.0
15 20 3.0
15 21 20.396078054371138
15 22 31.25699921617557
15 23 31.04834939252005
15 24 30.265491900843113
15 25 39.66106403010388
15 26 34.0147027033899
15 27 48.60041152089147
15 28 21.02379604162864
15 29 47.50789408087881
15 30 15.132745950421556
15 31 7.280109889280518
15 32 18.0
15 33 51.73973328110612
15 34 4.123105625617661
15 35 46.09772228646444
15 36 41.72529209005013
15 37 7.0710678118654755
15 38 34.0
15 39 18.867962264113206
15 40 24.166091947189145
15 41 9.055385138137417
15 42 40.311288741492746
15 43 46.66904755831214
15 44 2.23606797749979
15 45 27.018512172212592
16 1 35.84689665786984
16 2 21.400934559032695
16 3 38.91015291668744
16 4 13.341664064126334
16 5 30.805843601498726
16 6 35.35533905932738
16 7 29.5296461204668
16 8 17.029386365926403
16 9 19.313207915827967
16 10 18.973665961010276
16 11 27.294688127912362
16 12 35.38361202590826
16 13 18.110770276274835
16 14 12.806248474865697
16 15 15.033296378372908
16 16 0.0
16 17 32.202484376209235
16 18 22.0
16 19 34.20526275297414
16 20 15.524174696260024
16 21 7.0710678118654755
16 22 16.76305461424021
16 23 16.55294535724685
16 24 32.89376840679705
16 25 34.713109915419565
16 26 37.69615364994153
16 27 38.41874542459709
16 28 10.770329614269007
16 29 38.27531841800928
16 30 3.0
16 31 18.027756377319946
16 32 24.20743687382041
16 33 42.43819034784589
16 34 11.0
16 35 39.0
16 36 34.0147027033899
16 37 17.88854381999832
16 38 22.67156809750927
16 39 17.72004514666935
16 40 23.53720459187964
16 41 17.204650534085253
16 42 36.345563690772494
16 43 38.47076812334269
16 44 17.0
16 45 12.0
17 1 28.284271247461902
17 2 12.041594578792296
17 3 6.708203932499369
17 4 23.345235059857504
17 5 21.02379604162864
17 6 3.605551275463989
17 7 3.0
17 8 17.69180601295413
17 9 23.706539182259394
17 10 13.601470508735444
17 11 41.23105625617661
17 12 38.118237105091836
17 13 41.86884283091664
17 14 21.37755832643195
17 15 28.0178514522438
17 16 32.202484376209235
17 17 0.0
17 18 15.652475842498529
17 19 23.345235059857504
17 20 25.019992006393608
17 21 30.610455730027933
17 22 38.41874542459709
17 23 46.22769732530488
17 24 3.605551275463989
17 25 21.587033144922902
17 26 6.0
17 27 38.01315561749642
17 28 26.1725046566048
17 29 35.12833614050059
17 30 29.5296461204668
17 31 35.12833614050059
17 32 10.04987562112089
17 33 38.47076812334269
17 34 29.154759474226502
17 35 29.832867780352597
17 36 28.071337695236398
17 37 21.095023109728988
17 38 31.38470965295043
17 39 15.0
17 40 10.816653826391969
17 41 19.0
17 42 20.248456731316587
17 43 32.38826948140329
17 44 29.154759474226502
17 45 38.948684188300895
18 1 17.804493814764857
18 2 13.92838827718412
18 3 21.400934559032695
18 4 9.486832980505138
18 5 10.63014581273465
18 6 19.235384061671343
18 7 14.560219778561036
18 8 5.0990195135927845
18 9 8.06225774829855
18 10 7.211102550927978
18 11 25.632011235952593
18 12 24.331050121192877
18 13 26.90724809414742
18 14 17.204650534085253
18 15 25.80697580112788
18 16 22.0
18 17 15.652475842498529
18 18 0.0
18 19 14.212670403551895
18 20 23.430749027719962
18 21 17.72004514666935
18 22 23.345235059857504
18 23 32.64965543462902
18 24 14.212670403551895
18 25 13.892443989449804
18 26 19.1049731745428
18 27 25.298221281347036
18 28 12.649110640673518
18 29 23.259406699226016
18 30 19.0
18 31 32.7566787083184
18 32 15.297058540778355
18 33 27.294688127912362
18 34 24.596747752497688
18 35 20.518284528683193
18 36 16.64331697709324
18 37 21.2602916254693
18 38 15.811388300841896
18 39 7.0710678118654755
18 40 5.0990195135927845
18 41 18.439088914585774
18 42 14.866068747318506
18 43 21.633307652783937
18 44 27.80287754891569
18 45 25.059928172283335
19 1 5.0
19 2 27.202941017470888
19 3 26.076809620810597
19 4 20.8806130178211
19 5 3.605551275463989
19 6 26.076809620810597
19 7 24.041630560342615
19 8 18.867962264113206
19 9 15.132745950421556
19 10 21.213203435596427
19 11 25.0
19 12 16.55294535724685
19 13 32.28002478313795
19 14 31.400636936215164
19 15 40.0
19 16 34.20526275297414
19 17 23.345235059857504
19 18 14.212670403551895
19 19 0.0
19 20 37.64306044943742
19 21 28.284271247461902
19 22 28.861739379323623
19 23 40.44749683231337
19 24 20.09975124224178
19 25 2.23606797749979
19 26 23.08679276123039
19 27 15.297058540778355
19 28 23.53720459187964
19 29 12.041594578792296
19 30 31.32091952673165
19 31 46.87216658103186
19 32 27.784887978899608
19 33 15.132745950421556
19 34 38.58756276314948
19 35 6.708203932499369
19 36 5.385164807134504
19 37 35.35533905932738
19 38 17.08800749063506
19 39 21.2602916254693
19 40 17.204650534085253
19 41 32.526911934581186
19 42 5.0
19 43 9.055385138137417
19 44 42.01190307520001
19 45 33.13608305156178
20 1 41.012193308819754
20 2 13.152946437965905
20 3 31.064449134018133
20 4 20.12461179749811
20 5 34.058772731852805
20 6 27.073972741361768
20 7 22.02271554554524
20 8 19.1049731745428
20 9 26.076809620810597
20 10 16.64331697709324
20 11 40.024992192379
20 12 44.77722635447622
20 13 33.06055050963308
20 14 6.4031242374328485
20 15 3.0
20 16 15.524174696260024
20 17 25.019992006393608
20 18 23.430749027719962
20 19 37.64306044943742
20 20 0.0
20 21 20.024984394500787
20 22 31.016124838541646
20 23 31.953090617340916
20 24 27.294688127912362
20 25 37.20215047547655
20 26 31.016124838541646
20 27 46.87216658103186
20 28 19.924858845171276
20 29 45.60701700396552
20 30 15.033296378372908
20 31 10.198039027185569
20 32 15.0
20 33 49.8196748283246
20 34 5.656854249492381
20 35 43.86342439892262
20 36 39.6232255123179
20 37 4.123105625617661
20 38 32.69556544854363
20 39 16.401219466856727
20 40 21.470910553583888
20 41 6.082762530298219
20 42 37.73592452822641
20 43 44.598206241955516
20 44 4.47213595499958
20 45 27.294688127912362
21 1 29.410882339705484
21 2 21.633307652783937
21 3 37.20215047547655
21 4 8.246211251235321
21 5 25.079872407968907
21 6 34.058772731852805
21 7 28.319604517012593
21 8 13.416407864998739
21 9 13.152946437965905
21 10 17.029386365926403
21 11 20.615528128088304
21 12 28.319604517012593
21 13 13.341664064126334
21 14 15.297058540778355
21 15 20.396078054371138
21 16 7.0710678118654755
21 17 30.610455730027933
21 18 17.72004514666935
21 19 28.284271247461902
21 20 20.024984394500787
21 21 0.0
21 22 11.0
21 23 15.620499351813308
21 24 30.528675044947494
21 25 29.068883707497267
21 26 35.510561809129406
21 27 31.400636936215164
21 28 5.0990195135927845
21 29 31.38470965295043
21 30 5.385164807134504
21 31 24.596747752497688
21 32 24.413111231467404
21 33 35.510561809129406
21 34 16.76305461424021
21 35 32.57299494980466
21 36 27.51363298439521
21 37 21.213203435596427
21 38 15.620499351813308
21 39 15.620499351813308
21 40 20.591260281974
21 41 19.6468827043885
21 42 31.0
21 43 31.78049716414141
21 44 22.561028345356956
21 45 8.602325267042627
22 1 28.071337695236398
22 2 31.38470965295043
22 3 44.598206241955516
22 4 15.264337522473747
22 5 26.570660511172846
22 6 42.01190307520001
22 7 36.61966684720111
22 8 20.808652046684813
22 9 15.811388300841896
22 10 25.553864678361276
22 11 11.313708498984761
22 12 22.47220505424423
22 13 3.605551275463989
22 14 26.1725046566048
22 15 31.25699921617557
22 16 16.76305461424021
22 17 38.41874542459709
22 18 23.345235059857504
22 19 28.861739379323623
22 20 31.016124838541646
22 21 11.0
22 22 0.0
22 23 12.041594578792296
22 24 37.48332962798263
22 25 30.364452901377952
22 26 42.42640687119285
22 27 26.248809496813376
22 28 13.0
22 29 27.459060435491963
22 30 16.1245154965971
22 31 34.785054261852174
22 32 34.0147027033899
22 33 31.04834939252005
22 34 27.459060435491963
22 35 31.016124838541646
22 36 26.076809620810597
22 37 32.14031735997639
22 38 12.041594578792296
22 39 24.186773244895647
22 40 27.65863337187866
22 41 30.4138126514911
22 42 32.89376840679705
22 43 29.068883707497267
22 44 33.37663853655727
22 45 6.4031242374328485
23 1 40.01249804748511
23 2 36.87817782917155
23 3 52.80151512977634
23 4 23.323807579381203
23 5 37.8549864614954
23 6 49.678969393496885
23 7 43.93176527297759
23 8 28.844410203711913
23 9 26.248809496813376
23 10 32.64965543462902
23 11 21.93171219946131
23 12 34.20526275297414
23 13 9.486832980505138
23 14 29.154759474226502
23 15 31.04834939252005
23 16 16.55294535724685
23 17 46.22769732530488
23 18 32.64965543462902
23 19 40.44749683231337
23 20 31.953090617340916
23 21 15.620499351813308
23 22 12.041594578792296
23 23 0.0
23 24 46.04345773288535
23 25 41.773197148410844
23 26 51.03920062069938
23 27 38.07886552931954
23 28 20.248456731316587
23 29 39.45883931389772
23 30 18.027756377319946
23 31 32.01562118716424
23 32 39.698866482558415
23 33 42.95346318982906
23 34 26.92582403567252
23 35 43.0
23 36 38.01315561749642
23 37 34.438350715445125
23 38 24.0
23 39 31.240998703626616
23 40 36.05551275463989
23 41 33.61547262794322
23 42 44.14748010928823
23 43 41.10960958218893
23 44 32.7566787083184
23 45 7.615773105863909
24 1 25.079872407968907
24 2 14.142135623730951
24 3 7.211102550927978
24 4 22.80350850198276
24 5 18.027756377319946
24 6 6.0
24 7 5.830951894845301
24 8 17.204650534085253
24 9 22.20360331117452
24 10 13.92838827718412
24 11 39.35733730830886
24 12 35.35533905932738
24 13 41.012193308819754
24 14 23.021728866442675
24 15 30.265491900843113
24 16 32.89376840679705
24 17 3.605551275463989
24 18 14.212670403551895
24 19 20.09975124224178
24 20 27.294688127912362
24 21 30.528675044947494
24 22 37.48332962798263
24 23 46.04345773288535
24 24 0.0
24 25 18.24828759089466
24 26 5.0
24 27 35.014282800023196
24 28 25.80697580112788
24 29 32.01562118716424
24 30 30.083217912982647
24 31 37.48332962798263
24 32 12.649110640673518
24 33 35.22782990761707
24 34 31.0
24 35 26.476404589747453
24 36 25.0
24 37 23.53720459187964
24 38 29.5296461204668
24 39 15.231546211727817
24 40 10.0
24 41 21.213203435596427
24 42 16.76305461424021
24 43 29.154759474226502
24 44 31.575306807693888
24 45 38.600518131237564
25 1 7.0710678118654755
25 2 26.248809496813376
25 3 24.020824298928627
25 4 21.37755832643195
25 5 4.0
25 6 24.186773244895647
25 7 22.47220505424423
25 8 18.788294228055936
25 9 16.0
25 10 20.615528128088304
25 11 27.018512172212592
25 12 18.788294228055936
25 13 33.83784863137726
25 14 31.064449134018133
25 15 39.66106403010388
25 16 34.713109915419565
25 17 21.587033144922902
25 18 13.892443989449804
25 19 2.23606797749979
25 20 37.20215047547655
25 21 29.068883707497267
25 22 30.364452901377952
25 23 41.773197148410844
25 24 18.24828759089466
25 25 0.0
25 26 21.02379604162864
25 27 17.46424919657298
25 28 24.186773244895647
25 29 14.142135623730951
25 30 31.78049716414141
25 31 46.647615158762406
25 32 26.627053911388696
25 33 17.029386365926403
25 34 38.47076812334269
25 35 8.246211251235321
25 36 7.615773105863909
25 37 34.713109915419565
25 38 18.788294228055936
25 39 20.808652046684813
25 40 16.278820596099706
25 41 31.89043743820395
25 42 2.8284271247461903
25 43 11.0
25 44 41.617304093369626
25 45 34.36568055487916
26 1 28.071337695236398
26 2 18.027756377319946
26 3 3.0
26 4 27.80287754891569
26 5 21.587033144922902
26 6 5.0
26 7 9.0
26 8 22.20360331117452
26 9 27.018512172212592
26 10 18.788294228055936
26 11 43.9089968002003
26 12 39.05124837953327
26 13 45.967379738244816
26 14 27.294688127912362
26 15 34.0147027033899
26 16 37.69615364994153
26 17 6.0
26 18 19.1049731745428
26 19 23.08679276123039
26 20 31.016124838541646
26 21 35.510561809129406
26 22 42.42640687119285
26 23 51.03920062069938
26 24 5.0
26 25 21.02379604162864
26 26 0.0
26 27 38.3275357934736
26 28 30.805843601498726
26 29 35.12833614050059
26 30 34.92849839314596
26 31 41.10960958218893
26 32 16.0312195418814
26 33 38.0
26 34 35.12833614050059
26 35 29.017236257093817
26 36 28.284271247461902
26 37 27.073972741361768
26 38 34.132096331752024
26 39 20.12461179749811
26 40 15.0
26 41 25.0
26 42 19.026297590440446
26 43 32.01562118716424
26 44 35.12833614050059
26 45 43.60045871318328
27 1 10.44030650891055
27 2 39.21734310225516
27 3 41.30375285612676
27 4 27.018512172212592
27 5 17.0
27 6 41.012193308819754
27 7 38.2099463490856
27 8 28.178005607210743
27 9 20.808652046684813
27 10 32.31098884280702
27 11 17.0
27 12 4.0
27 13 28.635642126552707
27 14 40.496913462633174
27 15 48.60041152089147
27 16 38.41874542459709
27 17 38.01315561749642
27 18 25.298221281347036
27 19 15.297058540778355
27 20 46.87216658103186
27 21 31.400636936215164
27 22 26.248809496813376
27 23 38.07886552931954
27 24 35.014282800023196
27 25 17.46424919657298
27 26 38.3275357934736
27 27 0.0
27 28 28.284271247461902
27 29 3.605551275463989
27 30 36.124783736376884
27 31 54.56189146281496
27 32 40.52159917870962
27 33 5.0
27 34 46.09772228646444
27 35 10.816653826391969
27 36 10.04987562112089
27 37 45.65084884205331
27 38 15.811388300841896
27 39 31.78049716414141
27 40 29.832867780352597
27 41 42.941821107167776
27 42 19.924858845171276
27 43 7.211102550927978
27 44 50.80354318352215
27 45 32.31098884280702
28 1 25.079872407968907
28 2 18.384776310850235
28 3 32.64965543462902
28 4 3.1622776601683795
28 5 20.223748416156685
28 6 29.698484809834994
28 7 24.08318915758459
28 8 8.602325267042627
28 9 8.54400374531753
28 10 12.806248474865697
28 11 20.223748416156685
28 12 25.612496949731394
28 13 16.1245154965971
28 14 14.142135623730951
28 15 21.02379604162864
28 16 10.770329614269007
28 17 26.1725046566048
28 18 12.649110640673518
28 19 23.53720459187964
28 20 19.924858845171276
28 21 5.0990195135927845
28 22 13.0
28 23 20.248456731316587
28 24 25.80697580112788
28 25 24.186773244895647
28 26 30.805843601498726
28 27 28.284271247461902
28 28 0.0
28 29 27.80287754891569
28 30 8.06225774829855
28 31 26.40075756488817
28 32 21.02379604162864
28 33 32.01562118716424
28 34 18.027756377319946
28 35 28.231188426986208
28 36 23.259406699226016
28 37 20.09975124224178
28 38 13.038404810405298
28 39 11.40175425099138
28 40 15.811388300841896
28 41 18.0
28 42 26.019223662515376
28 43 27.784887978899608
28 44 23.259406699226016
28 45 12.806248474865697
29 1 7.0710678118654755
29 2 37.16180835212409
29 3 38.118237105091836
29 4 26.1725046566048
29 5 14.142135623730951
29 6 38.01315561749642
29 7 35.510561809129406
29 8 26.627053911388696
29 9 19.79898987322333
29 10 30.4138126514911
29 11 19.235384061671343
29 12 6.708203932499369
29 13 30.14962686336267
29 14 39.20459156782532
29 15 47.50789408087881
29 16 38.27531841800928
29 17 35.12833614050059
29 18 23.259406699226016
29 19 12.041594578792296
29 20 45.60701700396552
29 21 31.38470965295043
29 22 27.459060435491963
29 23 39.45883931389772
29 24 32.01562118716424
29 25 14.142135623730951
29 26 35.12833614050059
29 27 3.605551275463989
29 28 27.80287754891569
29 29 0.0
29 30 35.805027579936315
29 31 53.74011537017761
29 32 38.27531841800928
29 33 4.242640687119285
29 34 45.254833995939045
29 35 7.211102550927978
29 36 7.0710678118654755
29 37 44.10215414239989
29 38 16.15549442140351
29 39 30.01666203960727
29 40 27.51363298439521
29 41 41.340053217188775
29 42 16.492422502470642
29 43 3.605551275463989
29 44 49.678969393496885
29 45 33.24154027718932
30 1 33.1058907144937
30 2 19.1049731745428
30 3 36.235341863986875
30 4 10.44030650891055
30 5 27.892651361962706
30 6 32.7566787083184
30 7 26.92582403567252
30 8 14.035668847618199
30 9 16.55294535724685
30 10 16.15549442140351
30 11 26.0
30 12 33.24154027718932
30 13 18.027756377319946
30 14 11.180339887498949
30 15 15.132745950421556
30 16 3.0
30 17 29.5296461204668
30 18 19.0
30 19 31.32091952673165
30 20 15.033296378372908
30 21 5.385164807134504
30 22 16.1245154965971
30 23 18.027756377319946
30 24 30.083217912982647
30 25 31.78049716414141
30 26 34.92849839314596
30 27 36.124783736376884
30 28 8.06225774829855
30 29 35.805027579936315
30 30 0.0
30 31 19.235384061671343
30 32 21.93171219946131
30 33 40.0
30 34 11.40175425099138
30 35 36.24913792078372
30 36 31.304951684997057
30 37 16.76305461424021
30 38 20.518284528683193
30 39 14.866068747318506
30 40 20.615528128088304
30 41 15.652475842498529
30 42 33.37663853655727
30 43 35.84689665786984
30 44 17.26267650163207
30 45 12.36931687685298
31 1 49.8196748283246
31 2 23.345235059857504
31 3 41.0
31 4 27.586228448267445
31 5 43.266615305567875
31 6 37.0
31 7 32.14031735997639
31 8 28.0178514522438
31 9 33.94112549695428
31 10 26.40075756488817
31 11 45.18849411078001
31 12 52.009614495783374
31 13 35.90264614203248
31 14 15.652475842498529
31 15 7.280109889280518
31 16 18.027756377319946
31 17 35.12833614050059
31 18 32.7566787083184
31 19 46.87216658103186
31 20 10.198039027185569
31 21 24.596747752497688
31 22 34.785054261852174
31 23 32.01562118716424
31 24 37.48332962798263
31 25 46.647615158762406
31 26 41.10960958218893
31 27 54.56189146281496
31 28 26.40075756488817
31 29 53.74011537017761
31 30 19.235384061671343
31 31 0.0
31 32 25.079872407968907
31 33 57.982756057296896
31 34 8.48528137423857
31 35 52.80151512977634
31 36 48.27007354458868
31 37 14.035668847618199
31 38 39.408120990476064
31 39 25.942243542145693
31 40 31.38470965295043
31 41 16.278820596099706
31 42 47.41307836451879
31 43 53.150729063673246
31 44 6.0
31 45 29.614185789921695
32 1 32.202484376209235
32 2 2.8284271247461903
32 3 16.1245154965971
32 4 18.973665961010276
32 5 24.596747752497688
32 6 12.165525060596439
32 7 7.0710678118654755
32 8 14.142135623730951
32 9 22.02271554554524
32 10 9.055385138137417
32 11 39.45883931389772
32 12 39.6232255123179
32 13 37.12142238654117
32 14 12.083045973594572
32 15 18.0
32 16 24.20743687382041
32 17 10.04987562112089
32 18 15.297058540778355
32 19 27.784887978899608
32 20 15.0
32 21 24.413111231467404
32 22 34.0147027033899
32 23 39.698866482558415
32 24 12.649110640673518
32 25 26.627053911388696
32 26 16.0312195418814
32 27 40.52159917870962
32 28 21.02379604162864
32 29 38.27531841800928
32 30 21.93171219946131
32 31 25.079872407968907
32 32 0.0
32 33 42.15447781671598
32 34 19.4164878389476
32 35 34.48187929913333
32 36 31.38470965295043
32 37 11.045361017187261
32 38 30.066592756745816
32 39 10.198039027185569
32 40 10.770329614269007
32 41 9.055385138137417
32 42 26.248809496813376
32 43 36.24913792078372
32 44 19.1049731745428
32 45 33.015148038438355
33 1 10.198039027185569
33 2 41.14608122288197
33 3 41.0
33 4 30.4138126514911
33 5 17.72004514666935
33 6 41.19465984809196
33 7 39.05124837953327
33 8 30.805843601498726
33 9 24.041630560342615
33 10 34.48187929913333
33 11 22.0
33 12 9.0
33 13 33.54101966249684
33 14 43.41658669218482
33 15 51.73973328110612
33 16 42.43819034784589
33 17 38.47076812334269
33 18 27.294688127912362
33 19 15.132745950421556
33 20 49.8196748283246
33 21 35.510561809129406
33 22 31.04834939252005
33 23 42.95346318982906
33 24 35.22782990761707
33 25 17.029386365926403
33 26 38.0
33 27 5.0
33 28 32.01562118716424
33 29 4.242640687119285
33 30 40.0
33 31 57.982756057296896
33 32 42.15447781671598
33 33 0.0
33 34 49.49747468305833
33 35 9.055385138137417
33 36 10.770329614269007
33 37 48.25971404805462
33 38 20.12461179749811
33 39 34.132096331752024
33 40 31.38470965295043
33 41 45.48626166217664
33 42 19.026297590440446
33 43 6.082762530298219
33 44 53.907327887774215
33 45 37.0
34 1 41.400483088968905
34 2 17.11724276862369
34 3 35.510561809129406
34 4 19.1049731745428
34 5 34.9857113690718
34 6 31.575306807693888
34 7 26.1725046566048
34 8 19.72308292331602
34 9 25.45584412271571
34 10 18.681541692269406
34 11 37.33630940518894
34 12 43.60045871318328
34 13 29.068883707497267
34 14 8.06225774829855
34 15 4.123105625617661
34 16 11.0
34 17 29.154759474226502
34 18 24.596747752497688
34 19 38.58756276314948
34 20 5.656854249492381
34 21 16.76305461424021
34 22 27.459060435491963
34 23 26.92582403567252
34 24 31.0
34 25 38.47076812334269
34 26 35.12833614050059
34 27 46.09772228646444
34 28 18.027756377319946
34 29 45.254833995939045
34 30 11.40175425099138
34 31 8.48528137423857
34 32 19.4164878389476
34 33 49.49747468305833
34 34 0.0
34 35 44.40720662234904
34 36 39.824615503479755
34 37 9.433981132056603
34 38 31.064449134018133
34 39 18.027756377319946
34 40 23.769728648009426
34 41 10.44030650891055
34 42 39.395431207184416
34 43 44.68780594300866
34 44 6.0
34 45 23.0
35 1 3.1622776601683795
35 2 33.83784863137726
35 3 32.01562118716424
35 4 25.942243542145693
35 5 10.0
35 6 32.38826948140329
35 7 30.675723300355934
35 8 24.839484696748443
35 9 19.697715603592208
35 10 27.65863337187866
35 11 24.698178070456937
35 12 13.45362404707371
35 13 34.132096331752024
35 14 37.53664875824692
35 15 46.09772228646444
35 16 39.0
35 17 29.832867780352597
35 18 20.518284528683193
35 19 6.708203932499369
35 20 43.86342439892262
35 21 32.57299494980466
35 22 31.016124838541646
35 23 43.0
35 24 26.476404589747453
35 25 8.246211251235321
35 26 29.017236257093817
35 27 10.816653826391969
35 28 28.231188426986208
35 29 7.211102550927978
35 30 36.24913792078372
35 31 52.80151512977634
35 32 34.48187929913333
35 33 9.055385138137417
35 34 44.40720662234904
35 35 0.0
35 36 5.0990195135927845
35 37 41.773197148410844
35 38 19.0
35 39 27.586228448267445
35 40 23.853720883753127
35 41 38.948684188300895
35 42 10.0
35 43 3.605551275463989
35 44 48.16637831516918
35 45 36.124783736376884
36 1 2.0
36 2 30.4138126514911
36 3 31.25699921617557
36 4 21.095023109728988
36 5 7.0710678118654755
36 6 31.0
36 7 28.442925306655784
36 8 20.518284528683193
36 9 14.7648230602334
36 10 23.853720883753127
36 11 20.591260281974
36 12 11.180339887498949
36 13 29.274562336608895
36 14 33.24154027718932
36 15 41.72529209005013
36 16 34.0147027033899
36 17 28.071337695236398
36 18 16.64331697709324
36 19 5.385164807134504
36 20 39.6232255123179
36 21 27.51363298439521
36 22 26.076809620810597
36 23 38.01315561749642
36 24 25.0
36 25 7.615773105863909
36 26 28.284271247461902
36 27 10.04987562112089
36 28 23.259406699226016
36 29 7.0710678118654755
36 30 31.304951684997057
36 31 48.27007354458868
36 32 31.38470965295043
36 33 10.770329614269007
36 34 39.824615503479755
36 35 5.0990195135927845
36 36 0.0
36 37 37.8021163428716
36 38 14.035668847618199
36 39 23.600847442411894
36 40 20.615528128088304
36 41 35.0
36 42 10.295630140987
36 43 5.0
36 44 43.840620433565945
36 45 31.064449134018133
37 1 39.05124837953327
37 2 9.486832980505138
37 3 27.018512172212592
37 4 19.6468827043885
37 5 31.827660925679098
37 6 23.021728866442675
37 7 18.110770276274835
37 8 17.4928556845359
37 9 25.079872407968907
37 10 14.142135623730951
37 11 40.311288741492746
37 12 43.86342439892262
37 13 34.52535300326414
37 14 6.0
37 15 7.0710678118654755
37 16 17.88854381999832
37 17 21.095023109728988
37 18 21.2602916254693
37 19 35.35533905932738
37 20 4.123105625617661
37 21 21.213203435596427
37 22 32.14031735997639
37 23 34.438350715445125
37 24 23.53720459187964
37 25 34.713109915419565
37 26 27.073972741361768
37 27 45.65084884205331
37 28 20.09975124224178
37 29 44.10215414239989
37 30 16.76305461424021
37 31 14.035668847618199
37 32 11.045361017187261
37 33 48.25971404805462
37 34 9.433981132056603
37 35 41.773197148410844
37 36 37.8021163428716
37 37 0.0
37 38 32.28002478313795
37 39 14.212670403551895
37 40 18.601075237738275
37 41 2.8284271247461903
37 42 35.0
37 43 42.80186911806539
37 44 8.06225774829855
37 45 29.120439557122072
38 1 16.0312195418814
38 2 28.0
38 3 36.71511950137164
38 4 12.649110640673518
38 5 15.264337522473747
38 6 34.92849839314596
38 7 30.364452901377952
38 8 16.0
38 9 8.06225774829855
38 10 21.02379604162864
38 11 9.848857801796104
38 12 12.727922061357855
38 13 15.297058540778355
38 14 26.570660511172846
38 15 34.0
38 16 22.67156809750927
38 17 31.38470965295043
38 18 15.811388300841896
38 19 17.08800749063506
38 20 32.69556544854363
38 21 15.620499351813308
38 22 12.041594578792296
38 23 24.0
38 24 29.5296461204668
38 25 18.788294228055936
38 26 34.132096331752024
38 27 15.811388300841896
38 28 13.038404810405298
38 29 16.15549442140351
38 30 20.518284528683193
38 31 39.408120990476064
38 32 30.066592756745816
38 33 20.12461179749811
38 34 31.064449134018133
38 35 19.0
38 36 14.035668847618199
38 37 32.28002478313795
38 38 0.0
38 39 20.0
38 40 20.8806130178211
38 41 29.832867780352597
38 42 21.470910553583888
38 43 17.26267650163207
38 44 36.235341863986875
38 45 17.26267650163207
39 1 24.839484696748443
39 2 8.0
39 3 21.633307652783937
39 4 8.94427190999916
39 5 17.69180601295413
39 6 18.439088914585774
39 7 12.727922061357855
39 8 4.0
39 9 12.041594578792296
39 10 1.4142135623730951
39 11 29.274562336608895
39 12 30.364452901377952
39 13 27.459060435491963
39 14 10.295630140987
39 15 18.867962264113206
39 16 17.72004514666935
39 17 15.0
39 18 7.0710678118654755
39 19 21.2602916254693
39 20 16.401219466856727
39 21 15.620499351813308
39 22 24.186773244895647
39 23 31.240998703626616
39 24 15.231546211727817
39 25 20.808652046684813
39 26 20.12461179749811
39 27 31.78049716414141
39 28 11.40175425099138
39 29 30.01666203960727
39 30 14.866068747318506
39 31 25.942243542145693
39 32 10.198039027185569
39 33 34.132096331752024
39 34 18.027756377319946
39 35 27.586228448267445
39 36 23.600847442411894
39 37 14.212670403551895
39 38 20.0
39 39 0.0
39 40 6.0
39 41 11.40175425099138
39 42 21.470910553583888
39 43 28.600699292150182
39 44 20.808652046684813
39 45 24.041630560342615
40 1 21.470910553583888
40 2 10.0
40 3 16.97056274847714
40 4 12.806248474865697
40 5 13.892443989449804
40 6 14.422205101855956
40 7 9.486832980505138
40 8 7.211102550927978
40 9 13.0
40 10 5.0990195135927845
40 11 30.675723300355934
40 12 29.154759474226502
40 13 31.144823004794873
40 14 15.811388300841896
40 15 24.166091947189145
40 16 23.53720459187964
40 17 10.816653826391969
40 18 5.0990195135927845
40 19 17.204650534085253
40 20 21.470910553583888
