1 1 0.0
1 2 11.180339887498949
1 3 32.802438933713454
1 4 31.064449134018133
1 5 24.351591323771842
1 6 11.0
1 7 27.313000567495326
1 8 6.708203932499369
1 9 14.317821063276353
1 10 4.123105625617661
1 11 5.830951894845301
1 12 53.41348144429457
1 13 29.410882339705484
1 14 39.35733730830886
1 15 35.4682957019364
1 16 21.633307652783937
1 17 35.11409973215888
1 18 18.027756377319946
1 19 22.67156809750927
1 20 36.235341863986875
1 21 17.08800749063506
1 22 23.769728648009426
1 23 26.0
1 24 33.301651610693426
1 25 35.90264614203248
1 26 11.661903789690601
1 27 25.0
1 28 7.810249675906654
1 29 39.408120990476064
1 30 23.021728866442675
1 31 13.0
1 32 33.24154027718932
1 33 33.95585369269929
1 34 22.47220505424423
1 35 23.194827009486403
1 36 37.20215047547655
1 37 22.135943621178654
1 38 29.68164415931166
1 39 42.5205832509386
1 40 18.867962264113206
1 41 48.54894437575342
1 42 35.35533905932738
1 43 3.1622776601683795
1 44 38.897300677553446
1 45 50.60632371551998
1 46 20.615528128088304
1 47 37.64306044943742
1 48 44.94441010848846
1 49 40.607881008493905
1 50 18.681541692269406
1 51 30.0
1 52 22.847319317591726
1 53 17.46424919657298
1 54 39.20459156782532
1 55 37.8549864614954
1 56 24.186773244895647
1 57 24.413111231467404
1 58 13.892443989449804
1 59 41.012193308819754
1 60 12.649110640673518
1 61 22.847319317591726
1 62 31.304951684997057
1 63 29.410882339705484
1 64 33.83784863137726
1 65 10.770329614269007
2 1 11.180339887498949
2 2 0.0
2 3 36.61966684720111
2 4 27.202941017470888
2 5 35.4682957019364
2 6 21.587033144922902
2 7 35.510561809129406
2 8 13.038404810405298
2 9 24.08318915758459
2 10 15.231546211727817
2 11 17.0
2 12 43.56604182158393
2 13 33.015148038438355
2 14 31.04834939252005
2 15 36.235341863986875
2 16 28.861739379323623
2 17 24.041630560342615
2 18 7.0710678118654755
2 19 33.60059523282288
2 20 47.41307836451879
2 21 26.019223662515376
2 22 34.92849839314596
2 23 20.518284528683193
2 24 22.67156809750927
2 25 30.066592756745816
2 26 15.524174696260024
2 27 25.495097567963924
2 28 5.0990195135927845
2 29 28.42534080710379
2 30 30.083217912982647
2 31 2.0
2 32 28.635642126552707
2 33 26.419689627245813
2 34 11.40175425099138
2 35 19.313207915827967
2 36 27.730849247724095
2 37 11.180339887498949
2 38 40.8166632639171
2 39 32.449961479175904
2 40 29.0
2 41 39.395431207184416
2 42 33.54101966249684
2 43 11.180339887498949
2 44 32.0624390837628
2 45 40.8166632639171
2 46 15.811388300841896
2 47 37.44329045369811
2 48 45.221676218380054
2 49 44.204072210600685
2 50 19.849433241279208
2 51 40.311288741492746
2 52 17.804493814764857
2 53 27.018512172212592
2 54 42.80186911806539
2 55 36.71511950137164
2 56 35.35533905932738
2 57 21.470910553583888
2 58 2.8284271247461903
2 59 30.610455730027933
2 60 18.027756377319946
2 61 32.202484376209235
2 62 42.485291572496
2 63 22.80350850198276
2 64 27.018512172212592
2 65 1.0
3 1 32.802438933713454
3 2 36.61966684720111
3 3 0.0
3 4 22.561028345356956
3 5 34.132096331752024
3 6 27.51363298439521
3 7 15.811388300841896
3 8 39.408120990476064
3 9 23.769728648009426
3 10 31.38470965295043
3 11 32.64965543462902
3 12 55.362442142665635
3 13 3.605551275463989
3 14 39.05124837953327
3 15 9.899494936611665
3 16 14.142135623730951
3 17 54.817880294662984
3 18 38.48376280978771
3 19 41.10960958218893
3 20 44.64302857109943
3 21 20.396078054371138
3 22 35.05709628591621
3 23 56.85068161420758
3 24 45.17742799230607
3 25 29.410882339705484
3 26 44.40720662234904
3 27 13.152946437965905
3 28 32.01562118716424
3 29 52.08646657242167
3 30 13.038404810405298
3 31 38.27531841800928
3 32 25.0
3 33 62.96824596572466
3 34 44.77722635447622
3 35 23.194827009486403
3 36 42.190046219457976
3 37 45.18849411078001
3 38 42.2965719651132
3 39 48.373546489791295
3 40 43.174066289845804
3 41 48.38388161361178
3 42 17.4928556845359
3 43 29.832867780352597
3 44 33.83784863137726
3 45 52.88667128870941
3 46 25.709920264364882
3 47 13.45362404707371
3 48 16.492422502470642
3 49 7.810249675906654
3 50 17.0
3 51 27.85677655436824
3 52 53.907327887774215
3 53 43.965895873961216
3 54 6.4031242374328485
3 55 16.278820596099706
3 56 38.01315561749642
3 57 56.568542494923804
3 58 37.21558813185679
3 59 49.09175083453431
3 60 44.94441010848846
3 61 48.27007354458868
3 62 40.792156108742276
3 63 59.405386961116584
3 64 31.575306807693888
3 65 37.20215047547655
4 1 31.064449134018133
4 2 27.202941017470888
4 3 22.561028345356956
4 4 0.0
4 5 46.32493928760188
4 6 33.61547262794322
4 7 33.60059523282288
4 8 37.013511046643494
4 9 32.2490309931942
4 10 32.55764119219941
4 11 34.713109915419565
4 12 32.89376840679705
4 13 20.248456731316587
4 14 16.492422502470642
4 15 15.132745950421556
4 16 27.586228448267445
4 17 36.359317925395686
4 18 24.698178070456937
4 19 49.76946855251722
4 20 58.82176467941097
4 21 30.805843601498726
4 22 46.647615158762406
4 23 46.52956049652737
4 24 24.698178070456937
4 25 7.211102550927978
4 26 41.19465984809196
4 27 11.40175425099138
4 28 25.179356624028344
4 29 31.04834939252005
4 30 27.65863337187866
4 31 27.85677655436824
4 32 2.8284271247461903
4 33 49.8196748283246
4 34 29.832867780352597
4 35 8.06225774829855
4 36 20.024984394500787
4 37 30.610455730027933
4 38 54.20332093147061
4 39 26.019223662515376
4 40 48.507731342539614
4 41 26.0
4 42 8.06225774829855
4 43 28.160255680657446
4 44 11.661903789690601
4 45 30.364452901377952
4 46 11.40175425099138
4 47 13.92838827718412
4 48 21.095023109728988
4 49 27.018512172212592
4 50 14.7648230602334
4 51 44.553338819890925
4 52 44.28317965096906
4 53 47.853944456021594
4 54 26.0
4 55 11.661903789690601
4 56 48.76474136094644
4 57 48.46648326421054
4 58 26.0
4 59 27.073972741361768
4 60 43.04648650006177
4 61 53.150729063673246
4 62 54.08326913195984
4 63 47.70744176750625
4 64 9.055385138137417
4 65 28.160255680657446
5 1 24.351591323771842
5 2 35.4682957019364
5 3 34.132096331752024
5 4 46.32493928760188
5 5 0.0
5 6 14.422205101855956
5 7 19.1049731745428
5 8 26.076809620810597
5 9 14.212670403551895
5 10 20.248456731316587
5 11 18.681541692269406
5 12 75.07329751649384
5 13 32.55764119219941
5 14 59.413803110051795
5 15 42.20189569201838
5 16 20.615528128088304
5 17 59.464274989274024
5 18 42.04759208325728
5 19 9.219544457292887
5 20 12.727922061357855
5 21 15.652475842498529
5 22 1.4142135623730951
5 23 47.042533945356304
5 24 56.60388679233962
5 25 53.009433122794285
5 26 29.068883707497267
5 27 35.77708763999664
5 28 31.304951684997057
5 29 63.13477647065839
5 30 21.37755832643195
5 31 37.33630940518894
5 32 49.09175083453431
5 33 56.0
5 34 46.8187996428785
5 35 40.45985664828782
5 36 58.89821729050889
5 37 46.486557196677836
5 38 8.246211251235321
5 39 64.81512169239521
5 40 15.264337522473747
5 41 69.29646455628166
5 42 46.61544808322666
5 43 24.596747752497688
5 44 57.0087712549569
5 45 72.24956747275377
5 46 39.59797974644666
5 47 45.60701700396552
5 48 50.48762224545735
5 49 40.049968789001575
5 50 31.622776601683793
5 51 10.63014581273465
5 52 44.01136216933077
5 53 17.88854381999832
5 54 39.01281840626232
5 55 47.43416490252569
5 56 4.47213595499958
5 57 43.41658669218482
5 58 38.07886552931954
5 59 63.8200595424354
5 60 27.294688127912362
5 61 19.1049731745428
5 62 7.810249675906654
5 63 51.0098029794274
5 64 52.49761899362675
5 65 35.11409973215888
6 1 11.0
6 2 21.587033144922902
6 3 27.51363298439521
6 4 33.61547262794322
6 5 14.422205101855956
6 6 0.0
6 7 17.804493814764857
6 8 15.231546211727817
6 9 4.242640687119285
6 10 7.0710678118654755
6 11 6.708203932499369
6 12 60.8276253029822
6 13 24.73863375370596
6 14 45.45327270945405
6 15 33.06055050963308
6 16 13.892443989449804
6 17 45.60701700396552
6 18 27.85677655436824
6 19 16.15549442140351
6 20 27.018512172212592
6 21 7.810249675906654
6 22 14.212670403551895
6 23 36.40054944640259
6 24 42.190046219457976
6 25 39.824615503479755
6 26 19.72308292331602
6 27 24.331050121192877
6 28 17.08800749063506
6 29 48.76474136094644
6 30 15.264337522473747
6 31 23.53720459187964
6 32 36.24913792078372
6 33 44.721359549995796
6 34 32.984845004941285
6 35 26.92582403567252
6 36 44.598206241955516
6 37 32.7566787083184
6 38 21.2602916254693
6 39 50.44799302251776
6 40 16.0312195418814
6 41 55.226805085936306
6 42 35.510561809129406
6 43 10.44030650891055
6 44 43.56604182158393
6 45 58.0
6 46 25.612496949731394
6 47 36.0
6 48 42.2965719651132
6 49 34.92849839314596
6 50 18.973665961010276
6 51 19.0
6 52 33.24154027718932
6 53 16.492422502470642
6 54 33.61547262794322
6 55 37.12142238654117
6 56 15.620499351813308
6 57 34.0147027033899
6 58 24.041630560342615
6 59 49.4064773081425
6 60 19.209372712298546
6 61 21.095023109728988
6 62 22.02271554554524
6 63 40.024992192379
6 64 38.8329756778952
6 65 21.37755832643195
7 1 27.313000567495326
7 2 35.510561809129406
7 3 15.811388300841896
7 4 33.60059523282288
7 5 19.1049731745428
7 6 17.804493814764857
7 7 0.0
7 8 32.7566787083184
7 9 13.601470508735444
7 10 24.186773244895647
7 11 24.413111231467404
7 12 65.76473218982953
7 13 15.264337522473747
7 14 49.24428900898052
7 15 25.059928172283335
7 16 7.0710678118654755
7 17 58.008620049092706
7 18 40.01249804748511
7 19 27.202941017470888
7 20 28.861739379323623
7 21 10.295630140987
7 22 20.223748416156685
7 23 53.31041174104736
7 24 51.19570294468082
7 25 40.80441152620633
7 26 37.44329045369811
7 27 22.20360331117452
7 28 30.4138126514911
7 29 58.249463516842795
7 30 6.324555320336759
7 31 37.48332962798263
7 32 36.40054944640259
7 33 61.032778078668514
7 34 46.09772228646444
7 35 30.463092423455635
7 36 50.695167422546305
7 37 46.17358552246078
7 38 27.0
7 39 57.0087712549569
7 40 30.886890422961002
7 41 59.16924876994806
7 42 31.240998703626616
7 43 25.298221281347036
7 44 45.221676218380054
7 45 63.06346010171025
7 46 31.32091952673165
7 47 28.653097563788805
7 48 32.28002478313795
7 49 21.0
7 50 21.18962010041709
7 51 12.083045973594572
7 52 50.15974481593781
7 53 32.449961479175904
7 54 20.024984394500787
7 55 31.064449134018133
7 56 23.345235059857504
7 57 51.478150704935004
7 58 37.21558813185679
7 59 56.92099788303083
7 60 37.013511046643494
7 61 35.77708763999664
7 62 25.179356624028344
7 63 56.64803615307419
7 64 41.677331968349414
7 65 35.6931365951495
8 1 6.708203932499369
8 2 13.038404810405298
8 3 39.408120990476064
8 4 37.013511046643494
8 5 26.076809620810597
8 6 15.231546211727817
8 7 32.7566787083184
8 8 0.0
8 9 19.235384061671343
8 10 8.602325267042627
8 11 8.54400374531753
8 12 56.60388679233962
8 13 36.05551275463989
8 14 43.657759905886145
8 15 42.15447781671598
8 16 27.65863337187866
8 17 34.9857113690718
8 18 20.0
8 19 21.93171219946131
8 20 36.68787265568828
8 21 22.47220505424423
8 22 25.179356624028344
8 23 21.37755832643195
8 24 35.608987629529715
8 25 41.30375285612676
8 26 5.0
8 27 31.622776601683793
8 28 12.165525060596439
8 29 41.012193308819754
8 30 29.068883707497267
8 31 14.212670403551895
8 32 39.01281840626232
8 33 30.066592756745816
8 34 22.80350850198276
8 35 29.0
8 36 40.70626487409524
8 37 22.20360331117452
8 38 29.732137494637012
8 39 45.48626166217664
8 40 16.401219466856727
8 41 52.32590180780452
8 42 41.773197148410844
8 43 9.848857801796104
8 44 43.93176527297759
8 45 53.85164807134504
8 46 26.076809620810597
8 47 44.27188724235731
8 48 51.62363799656123
8 49 47.20169488482379
8 50 25.298221281347036
8 51 33.54101966249684
8 52 18.24828759089466
8 53 14.142135623730951
8 54 45.803929962395145
8 55 44.384682042344295
8 56 24.73863375370596
8 57 18.788294228055936
8 58 15.811388300841896
8 59 43.60045871318328
8 60 6.082762530298219
8 61 19.209372712298546
8 62 32.01562118716424
8 63 25.179356624028344
8 64 38.8329756778952
8 65 12.206555615733702
9 1 14.317821063276353
9 2 24.08318915758459
9 3 23.769728648009426
9 4 32.2490309931942
9 5 14.212670403551895
9 6 4.242640687119285
9 7 13.601470508735444
9 8 19.235384061671343
9 9 0.0
9 10 10.770329614269007
9 11 10.816653826391969
9 12 61.07372593840988
9 13 21.213203435596427
9 14 45.254833995939045
9 15 30.01666203960727
9 16 9.848857801796104
9 17 47.853944456021594
9 18 29.832867780352597
9 19 18.24828759089466
9 20 26.90724809414742
9 21 3.605551275463989
9 22 14.422205101855956
9 23 40.162171256046406
9 24 43.382023926967726
9 25 38.8329756778952
9 26 23.853720883753127
9 27 22.135943621178654
9 28 19.235384061671343
9 29 50.15974481593781
9 30 11.180339887498949
9 31 26.076809620810597
9 32 34.9857113690718
9 33 48.27007354458868
9 34 35.35533905932738
9 35 26.248809496813376
9 36 45.0
9 37 35.22782990761707
9 38 21.95449840010015
9 39 51.03920062069938
9 40 19.4164878389476
9 41 55.17245689653489
9 42 33.24154027718932
9 43 13.0
9 44 42.80186911806539
9 45 58.25804665451803
9 46 25.495097567963924
9 47 33.13608305156178
9 48 39.05124837953327
9 49 31.016124838541646
9 50 17.4928556845359
9 51 16.278820596099706
9 52 37.0
9 53 20.248456731316587
9 54 29.732137494637012
9 55 34.52535300326414
9 56 16.55294535724685
9 57 38.01315561749642
9 58 26.30589287593181
9 59 50.24937810560445
9 60 23.430749027719962
9 61 24.515301344262525
9 62 22.02271554554524
9 63 43.68065933568311
9 64 38.28837943815329
9 65 24.020824298928627
10 1 4.123105625617661
10 2 15.231546211727817
10 3 31.38470965295043
10 4 32.55764119219941
10 5 20.248456731316587
10 6 7.0710678118654755
10 7 24.186773244895647
10 8 8.602325267042627
10 9 10.770329614269007
10 10 0.0
10 11 2.23606797749979
10 12 56.72741841473134
10 13 28.178005607210743
10 14 42.190046219457976
10 15 35.17101079013795
10 16 19.1049731745428
10 17 39.21734310225516
10 18 21.95449840010015
10 19 19.1049731745428
10 20 32.2490309931942
10 21 13.892443989449804
10 22 19.697715603592208
10 23 29.410882339705484
10 24 37.013511046643494
10 25 37.94733192202055
10 26 13.45362404707371
10 27 25.179356624028344
10 28 11.40175425099138
10 29 43.266615305567875
10 30 20.518284528683193
10 31 17.08800749063506
10 32 34.92849839314596
10 33 37.656340767525464
10 34 26.570660511172846
10 35 25.0
10 36 40.45985664828782
10 37 26.248809496813376
10 38 25.80697580112788
10 39 45.967379738244816
10 40 16.15549442140351
10 41 51.61395160225576
10 42 36.013886210738214
10 43 5.0
10 44 41.23105625617661
10 45 53.907327887774215
10 46 22.847319317591726
10 47 37.656340767525464
10 48 44.64302857109943
10 49 39.11521443121589
10 50 19.026297590440446
10 51 26.019223662515376
10 52 26.248809496813376
10 53 15.297058540778355
10 54 37.73592452822641
10 55 38.2099463490856
10 56 20.248456731316587
10 57 27.294688127912362
10 58 17.88854381999832
10 59 44.598206241955516
10 60 13.601470508735444
10 61 20.615528128088304
10 62 27.294688127912362
10 63 32.984845004941285
10 64 36.24913792078372
10 65 14.866068747318506
11 1 5.830951894845301
11 2 17.0
11 3 32.64965543462902
11 4 34.713109915419565
11 5 18.681541692269406
11 6 6.708203932499369
11 7 24.413111231467404
11 8 8.54400374531753
11 9 10.816653826391969
11 10 2.23606797749979
11 11 0.0
11 12 58.89821729050889
11 13 29.546573405388315
11 14 44.41846462902562
11 15 36.87817782917155
11 16 19.849433241279208
11 17 40.85339643163099
11 18 23.853720883753127
11 19 16.97056274847714
11 20 30.4138126514911
11 21 14.212670403551895
11 22 18.027756377319946
11 23 29.832867780352597
11 24 39.05124837953327
11 25 40.162171256046406
11 26 13.038404810405298
11 27 27.073972741361768
11 28 13.45362404707371
11 29 45.221676218380054
11 30 21.2602916254693
11 31 18.788294228055936
11 32 37.107950630558946
11 33 38.3275357934736
11 34 28.231188426986208
11 35 27.202941017470888
11 36 42.638011210655684
11 37 27.85677655436824
11 38 23.853720883753127
11 39 48.104053883222775
11 40 13.92838827718412
11 41 53.823786563191554
11 42 38.0
11 43 7.211102550927978
11 44 43.46262762420146
11 45 56.08029957123981
11 46 25.079872407968907
11 47 39.45883931389772
11 48 46.32493928760188
11 49 40.311288741492746
11 50 21.0
11 51 25.179356624028344
11 52 26.68332812825267
11 53 13.152946437965905
11 54 38.948684188300895
11 55 40.11234224026316
11 56 18.35755975068582
11 57 27.313000567495326
11 58 19.72308292331602
11 59 46.69047011971501
11 60 12.727922061357855
11 61 18.439088914585774
11 62 25.495097567963924
11 63 33.54101966249684
11 64 38.48376280978771
11 65 16.55294535724685
12 1 53.41348144429457
12 2 43.56604182158393
12 3 55.362442142665635
12 4 32.89376840679705
12 5 75.07329751649384
12 6 60.8276253029822
12 7 65.76473218982953
12 8 56.60388679233962
12 9 61.07372593840988
12 10 56.72741841473134
12 11 58.89821729050889
12 12 0.0
12 13 53.14132102234569
12 14 16.55294535724685
12 15 46.87216658103186
12 16 59.16924876994806
12 17 30.0
12 18 36.71511950137164
12 19 75.82216034906945
12 20 87.78382538941898
12 21 60.802960454241045
12 22 75.0066663703967
12 23 52.773099207835045
12 24 21.540659228538015
12 25 25.96150997149434
12 26 58.59180830116101
12 27 43.86342439892262
12 28 45.60701700396552
12 29 19.026297590440446
12 30 59.53990258641679
12 31 42.5440947723653
12 32 30.364452901377952
12 33 50.0
12 34 36.05551275463989
12 35 35.510561809129406
12 36 16.278820596099706
12 37 37.0
12 38 82.02438661763951
12 39 11.180339887498949
12 40 72.20110802473879
12 41 7.0710678118654755
12 42 38.63935817272331
12 43 51.73973328110612
12 44 21.587033144922902
12 45 2.8284271247461903
12 46 35.608987629529715
12 47 44.40720662234904
12 48 49.0
12 49 58.855755878248644
12 50 44.94441010848846
12 51 75.71657678474378
12 52 52.392747589718944
12 53 70.45565981523414
12 54 58.05170109479997
12 55 41.30375285612676
12 56 76.36753236814714
12 57 57.48912940721924
12 58 40.8166632639171
12 59 13.601470508735444
12 60 61.29437168288782
12 61 75.71657678474378
12 62 82.80700453464067
12 63 51.24451190127583
12 64 24.166091947189145
12 65 44.41846462902562
13 1 29.410882339705484
13 2 33.015148038438355
13 3 3.605551275463989
13 4 20.248456731316587
13 5 32.55764119219941
13 6 24.73863375370596
13 7 15.264337522473747
13 8 36.05551275463989
13 9 21.213203435596427
13 10 28.178005607210743
13 11 29.546573405388315
13 12 53.14132102234569
13 13 0.0
13 14 36.68787265568828
13 15 9.848857801796104
13 16 12.041594578792296
13 17 51.419840528729765
13 18 34.92849839314596
13 19 39.0
13 20 43.657759905886145
13 21 18.027756377319946
13 22 33.37663853655727
13 23 53.2634959423431
13 24 42.04759208325728
13 25 27.313000567495326
13 26 41.048751503547585
13 27 10.0
13 28 28.42534080710379
13 29 49.01020301937138
13 30 11.180339887498949
13 31 34.66987164671943
13 32 22.847319317591726
13 33 59.36328831862332
13 34 41.23105625617661
13 35 20.024984394500787
13 36 39.45883931389772
13 37 41.6293165929973
13 38 40.792156108742276
13 39 45.70557952810576
13 40 40.607881008493905
13 41 46.238512086787566
13 42 16.278820596099706
13 43 26.40075756488817
13 44 31.78049716414141
13 45 50.59644256269407
13 46 22.360679774997898
13 47 13.416407864998739
13 48 18.027756377319946
13 49 11.313708498984761
13 50 13.416407864998739
13 51 27.294688127912362
13 52 50.32891812864648
13 53 41.23105625617661
13 54 9.899494936611665
13 55 15.811388300841896
13 56 36.22154055254967
13 57 53.03772242470448
13 58 33.61547262794322
13 59 46.2709412050371
13 60 41.677331968349414
13 61 45.70557952810576
13 62 39.56008088970496
13 63 55.80322571321482
13 64 29.120439557122072
13 65 33.60059523282288
14 1 39.35733730830886
14 2 31.04834939252005
14 3 39.05124837953327
14 4 16.492422502470642
14 5 59.413803110051795
14 6 45.45327270945405
14 7 49.24428900898052
14 8 43.657759905886145
14 9 45.254833995939045
14 10 42.190046219457976
14 11 44.41846462902562
14 12 16.55294535724685
14 13 36.68787265568828
14 14 0.0
14 15 31.064449134018133
14 16 42.720018726587654
14 17 27.459060435491963
14 18 25.179356624028344
14 19 61.032778078668514
14 20 72.13875518748573
14 21 44.68780594300866
14 22 59.464274989274024
14 23 45.39823785126467
14 24 14.7648230602334
14 25 10.0
14 26 46.57252408878007
14 27 27.313000567495326
14 28 31.78049716414141
14 29 18.439088914585774
14 30 43.04648650006177
14 31 30.59411708155671
14 32 14.142135623730951
14 33 45.5411901469428
14 34 27.16615541441225
14 35 19.209372712298546
14 36 6.4031242374328485
14 37 28.160255680657446
14 38 66.70832032063167
14 39 10.44030650891055
14 40 58.180752831155424
14 41 10.0
14 42 23.0
14 43 37.21558813185679
14 44 6.324555320336759
14 45 13.92838827718412
14 46 19.849433241279208
14 47 29.017236257093817
14 48 34.713109915419565
14 49 43.104524124504614
14 50 28.600699292150182
14 51 59.405386961116584
14 52 44.10215414239989
14 53 56.79788728465171
14 54 42.190046219457976
14 55 26.076809620810597
14 56 61.07372593840988
14 57 49.040799340956916
14 58 28.635642126552707
14 59 12.529964086141668
14 60 49.040799340956916
14 61 62.16912416947821
14 62 67.20863039818622
14 63 45.12205669071391
14 64 7.615773105863909
14 65 32.01562118716424
15 1 35.4682957019364
15 2 36.235341863986875
15 3 9.899494936611665
15 4 15.132745950421556
15 5 42.20189569201838
15 6 33.06055050963308
15 7 25.059928172283335
15 8 42.15447781671598
15 9 30.01666203960727
15 10 35.17101079013795
15 11 36.87817782917155
15 12 46.87216658103186
15 13 9.848857801796104
15 14 31.064449134018133
15 15 0.0
15 16 21.587033144922902
15 17 50.566787519082126
15 18 36.235341863986875
15 19 48.16637831516918
15 20 53.48831648126533
15 21 27.16615541441225
15 22 42.95346318982906
15 23 56.72741841473134
15 24 39.56008088970496
15 25 21.095023109728988
15 26 47.01063709417264
15 27 10.816653826391969
15 28 32.449961479175904
15 29 46.09772228646444
15 30 20.8806130178211
15 31 37.53664875824692
15 32 17.0
15 33 61.61980201201558
15 34 42.20189569201838
15 35 18.867962264113206
15 36 35.12833614050059
15 37 42.80186911806539
15 38 50.44799302251776
15 39 41.012193308819754
15 40 49.09175083453431
15 41 39.81205847478876
15 42 8.246211251235321
15 43 32.31098884280702
15 44 25.317977802344327
15 45 44.553338819890925
15 46 22.20360331117452
15 47 3.605551275463989
15 48 9.486832980505138
15 49 12.041594578792296
15 50 17.0
15 51 37.12142238654117
15 52 54.037024344425184
15 53 49.36598018878993
15 54 11.180339887498949
15 55 6.4031242374328485
15 56 45.70557952810576
15 57 57.42821606144492
15 58 36.069377593742864
15 59 42.190046219457976
15 60 48.104053883222775
15 61 54.147945482723536
15 62 49.33558553417604
15 63 58.69412236331676
15 64 24.020824298928627
15 65 37.013511046643494
16 1 21.633307652783937
16 2 28.861739379323623
16 3 14.142135623730951
16 4 27.586228448267445
16 5 20.615528128088304
16 6 13.892443989449804
16 7 7.0710678118654755
16 8 27.65863337187866
16 9 9.848857801796104
16 10 19.1049731745428
16 11 19.849433241279208
16 12 59.16924876994806
16 13 12.041594578792296
16 14 42.720018726587654
16 15 21.587033144922902
16 16 0.0
16 17 51.0
16 18 33.06055050963308
16 19 27.018512172212592
16 20 32.202484376209235
16 21 6.324555320336759
16 22 21.37755832643195
16 23 47.41307836451879
16 24 44.14748010928823
16 25 34.713109915419565
16 26 32.55764119219941
16 27 16.278820596099706
16 28 23.769728648009426
16 29 51.19570294468082
16 30 1.4142135623730951
16 31 30.805843601498726
16 32 30.4138126514911
16 33 54.78138369920935
16 34 39.20459156782532
16 35 23.706539182259394
16 36 43.86342439892262
16 37 39.319206502675
16 38 28.861739379323623
16 39 50.15974481593781
16 40 29.120439557122072
16 41 52.69724850502159
16 42 26.419689627245813
16 43 19.235384061671343
16 44 39.05124837953327
16 45 56.43580423808985
16 46 24.351591323771842
16 47 25.0
16 48 30.066592756745816
16 49 21.18962010041709
16 50 14.317821063276353
16 51 16.97056274847714
16 52 44.294469180700204
16 53 30.083217912982647
16 54 19.924858845171276
16 55 26.92582403567252
16 56 24.186773244895647
16 57 46.04345773288535
16 58 30.4138126514911
16 59 49.9799959983992
16 60 32.55764119219941
16 61 34.20526275297414
16 62 27.85677655436824
16 63 50.566787519082126
16 64 35.22782990761707
16 65 29.120439557122072
17 1 35.11409973215888
17 2 24.041630560342615
17 3 54.817880294662984
17 4 36.359317925395686
17 5 59.464274989274024
17 6 45.60701700396552
17 7 58.008620049092706
17 8 34.9857113690718
17 9 47.853944456021594
17 10 39.21734310225516
17 11 40.85339643163099
17 12 30.0
17 13 51.419840528729765
17 14 27.459060435491963
17 15 50.566787519082126
17 16 51.0
17 17 0.0
17 18 18.110770276274835
17 19 56.824290580701486
17 20 71.17583859709698
17 21 49.36598018878993
17 22 58.872744118140105
17 23 23.769728648009426
17 24 12.806248474865697
17 25 33.97057550292606
17 26 34.828149534535996
17 27 41.7612260356422
17 28 28.635642126552707
17 29 11.045361017187261
17 30 52.009614495783374
17 31 22.135943621178654
17 32 35.805027579936315
17 33 20.0
17 34 12.649110640673518
17 35 31.953090617340916
17 36 21.095023109728988
17 37 13.0
17 38 64.40496875241847
17 39 20.615528128088304
17 40 51.31276644267
17 41 29.832867780352597
17 42 44.41846462902562
17 43 35.17101079013795
17 44 32.64965543462902
17 45 28.071337695236398
17 46 29.120439557122072
17 47 50.11985634456667
17 48 57.4543296888929
17 49 61.35144660071187
17 50 38.47076812334269
17 51 64.13267497929586
17 52 24.186773244895647
17 53 48.82622246293481
17 54 60.08327554319921
17 55 48.02082881417188
17 56 59.09314681077663
17 57 29.068883707497267
17 58 21.587033144922902
17 59 17.46424919657298
17 60 37.64306044943742
17 61 53.41348144429457
17 62 66.30987860040162
17 63 21.587033144922902
17 64 29.732137494637012
17 65 24.351591323771842
18 1 18.027756377319946
18 2 7.0710678118654755
18 3 38.48376280978771
18 4 24.698178070456937
18 5 42.04759208325728
18 6 27.85677655436824
18 7 40.01249804748511
18 8 20.0
18 9 29.832867780352597
18 10 21.95449840010015
18 11 23.853720883753127
18 12 36.71511950137164
18 13 34.92849839314596
18 14 25.179356624028344
18 15 36.235341863986875
18 16 33.06055050963308
18 17 18.110770276274835
18 18 0.0
18 19 40.607881008493905
18 20 54.20332093147061
18 21 31.25699921617557
18 22 41.593268686170845
18 23 21.93171219946131
18 24 15.620499351813308
18 25 25.96150997149434
18 26 21.93171219946131
18 27 26.076809620810597
18 28 10.770329614269007
18 29 21.400934559032695
18 30 34.132096331752024
18 31 5.830951894845301
18 32 25.495097567963924
18 33 25.45584412271571
18 34 6.324555320336759
18 35 17.69180601295413
18 36 21.18962010041709
18 37 6.708203932499369
18 38 47.70744176750625
18 39 25.553864678361276
18 40 36.069377593742864
18 41 32.89376840679705
18 42 32.01562118716424
18 43 17.46424919657298
18 44 27.16615541441225
18 45 34.0
18 46 14.142135623730951
18 47 36.76955262170047
18 48 44.553338819890925
18 49 45.65084884205331
18 50 21.540659228538015
18 51 46.09772228646444
18 52 19.924858845171276
18 53 34.058772731852805
18 54 44.294469180700204
18 55 35.4682957019364
18 56 42.190046219457976
18 57 24.515301344262525
18 58 4.242640687119285
18 59 23.600847442411894
18 60 24.596747752497688
18 61 39.20459156782532
18 62 49.24428900898052
18 63 23.021728866442675
18 64 22.360679774997898
18 65 7.810249675906654
19 1 22.67156809750927
19 2 33.60059523282288
19 3 41.10960958218893
19 4 49.76946855251722
19 5 9.219544457292887
19 6 16.15549442140351
19 7 27.202941017470888
19 8 21.93171219946131
19 9 18.24828759089466
19 10 19.1049731745428
19 11 16.97056274847714
19 12 75.82216034906945
19 13 39.0
19 14 61.032778078668514
19 15 48.16637831516918
19 16 27.018512172212592
19 17 56.824290580701486
19 18 40.607881008493905
19 19 0.0
19 20 15.132745950421556
19 21 21.02379604162864
19 22 7.810249675906654
19 23 41.30375285612676
19 24 55.97320787662612
19 25 55.90169943749474
19 26 23.53720459187964
19 27 40.26164427839479
19 28 30.4138126514911
19 29 62.00806399170998
19 30 28.071337695236398
19 31 35.22782990761707
19 32 52.392747589718944
19 33 50.48762224545735
19 34 44.41846462902562
19 35 42.941821107167776
19 36 59.54829972383762
19 37 43.9089968002003
19 38 8.06225774829855
19 39 65.06919393998976
19 40 7.0710678118654755
19 41 70.60453243241541
19 42 51.419840528729765
19 43 24.08318915758459
19 44 59.53990258641679
19 45 73.0
19 46 41.340053217188775
19 47 51.35172830587107
19 48 57.0087712549569
19 49 47.67598976424087
19 50 35.11409973215888
19 51 19.849433241279208
19 52 38.47076812334269
19 53 10.04987562112089
19 54 46.52956049652737
19 55 52.773099207835045
19 56 5.0
19 57 37.013511046643494
19 58 36.40054944640259
19 59 63.655321851358195
19 60 21.213203435596427
19 61 10.0
19 62 11.045361017187261
19 63 45.39823785126467
19 64 54.70831746635972
19 65 33.015148038438355
20 1 36.235341863986875
20 2 47.41307836451879
20 3 44.64302857109943
20 4 58.82176467941097
20 5 12.727922061357855
20 6 27.018512172212592
20 7 28.861739379323623
20 8 36.68787265568828
20 9 26.90724809414742
20 10 32.2490309931942
20 11 30.4138126514911
20 12 87.78382538941898
20 13 43.657759905886145
20 14 72.13875518748573
20 15 53.48831648126533
20 16 32.202484376209235
20 17 71.17583859709698
20 18 54.20332093147061
20 19 15.132745950421556
20 20 0.0
20 21 28.0178514522438
20 22 12.806248474865697
20 23 56.43580423808985
20 24 69.06518659932803
20 25 65.60487786742691
20 26 38.63935817272331
20 27 48.02082881417188
20 28 43.56604182158393
20 29 75.47184905645283
20 30 32.69556544854363
20 31 49.193495504995376
20 32 61.61168720299745
20 33 65.62011886609167
20 34 58.60034129593445
20 35 53.150729063673246
20 36 71.58910531638176
20 37 58.180752831155424
20 38 7.0710678118654755
20 39 77.46612162745726
20 40 22.02271554554524
20 41 82.02438661763951
20 42 58.59180830116101
20 43 36.89173349139343
20 44 69.65629906907199
20 45 84.95881355103778
20 46 52.32590180780452
20 47 57.0087712549569
20 48 61.1310068623117
20 49 49.49747468305833
20 50 44.204072210600685
20 51 17.11724276862369
20 52 53.600373133029585
20 53 25.019992006393608
20 54 48.662100242385755
20 55 59.09314681077663
20 56 12.083045973594572
20 57 52.08646657242167
20 58 50.11985634456667
20 59 76.40026177965623
20 60 36.345563690772494
20 61 23.345235059857504
20 62 5.0
20 63 60.530983801686226
20 64 65.19202405202648
20 65 46.95742752749558
21 1 17.08800749063506
21 2 26.019223662515376
21 3 20.396078054371138
21 4 30.805843601498726
21 5 15.652475842498529
21 6 7.810249675906654
21 7 10.295630140987
21 8 22.47220505424423
21 9 3.605551275463989
21 10 13.892443989449804
21 11 14.212670403551895
21 12 60.802960454241045
21 13 18.027756377319946
21 14 44.68780594300866
21 15 27.16615541441225
21 16 6.324555320336759
21 17 49.36598018878993
21 18 31.25699921617557
21 19 21.02379604162864
21 20 28.0178514522438
21 21 0.0
21 22 16.15549442140351
21 23 43.08131845707603
21 24 44.01136216933077
21 25 37.64306044943742
21 26 27.202941017470888
21 27 20.12461179749811
21 28 21.0
21 29 50.92150822589606
21 30 7.615773105863909
21 31 28.0178514522438
21 32 33.60059523282288
21 33 50.96076922496363
21 34 37.05401462729781
21 35 25.495097567963924
21 36 44.94441010848846
21 37 37.013511046643494
21 38 23.769728648009426
21 39 51.10772935672255
21 40 22.80350850198276
21 41 54.67174773134658
21 42 31.016124838541646
21 43 15.297058540778355
21 44 41.773197148410844
21 45 58.008620049092706
21 46 25.238858928247925
21 47 30.4138126514911
21 48 36.0
21 49 27.51363298439521
21 50 16.278820596099706
21 51 15.231546211727817
21 52 39.92492955535426
21 53 23.769728648009426
21 54 26.248809496813376
21 55 32.01562118716424
21 56 18.681541692269406
21 57 41.182520563948
21 58 28.0178514522438
21 59 50.53711507397311
21 60 26.90724809414742
21 61 27.892651361962706
21 62 23.323807579381203
21 63 46.486557196677836
21 64 37.48332962798263
21 65 26.076809620810597
22 1 23.769728648009426
22 2 34.92849839314596
22 3 35.05709628591621
22 4 46.647615158762406
22 5 1.4142135623730951
22 6 14.212670403551895
22 7 20.223748416156685
22 8 25.179356624028344
22 9 14.422205101855956
22 10 19.697715603592208
22 11 18.027756377319946
22 12 75.0066663703967
22 13 33.37663853655727
22 14 59.464274989274024
22 15 42.95346318982906
22 16 21.37755832643195
22 17 58.872744118140105
22 18 41.593268686170845
22 19 7.810249675906654
22 20 12.806248474865697
22 21 16.15549442140351
22 22 0.0
22 23 46.010868281309364
22 24 56.302753041036986
22 25 53.25410782277739
22 26 28.0178514522438
22 27 36.24913792078372
22 28 30.886890422961002
22 29 62.76941930590086
22 30 22.20360331117452
22 31 36.76955262170047
22 32 49.39635614091387
22 33 55.00909015790027
22 34 46.238512086787566
22 35 40.607881008493905
22 36 58.7962583843564
22 37 45.880278987817846
22 38 7.615773105863909
22 39 64.66065264130884
22 40 13.892443989449804
22 41 69.31089380465383
22 42 47.16990566028302
22 43 24.186773244895647
22 44 57.201398584300364
22 45 72.18032973047436
22 46 39.6232255123179
22 47 46.32493928760188
22 48 51.35172830587107
22 49 41.10960958218893
22 50 31.906112267087632
22 51 12.041594578792296
22 52 43.0
22 53 16.55294535724685
22 54 40.049968789001575
22 55 48.08326112068523
22 56 3.1622776601683795
22 57 42.2965719651132
22 58 37.57658845611187
22 59 63.60031446463138
22 60 26.1725046566048
22 61 17.69180601295413
22 62 7.810249675906654
22 63 50.0
22 64 52.630789467763066
22 65 34.539832078341085
23 1 26.0
23 2 20.518284528683193
23 3 56.85068161420758
23 4 46.52956049652737
23 5 47.042533945356304
23 6 36.40054944640259
23 7 53.31041174104736
23 8 21.37755832643195
23 9 40.162171256046406
23 10 29.410882339705484
23 11 29.832867780352597
23 12 52.773099207835045
23 13 53.2634959423431
23 14 45.39823785126467
23 15 56.72741841473134
23 16 47.41307836451879
23 17 23.769728648009426
23 18 21.93171219946131
23 19 41.30375285612676
23 20 56.43580423808985
23 21 43.08131845707603
23 22 46.010868281309364
23 23 0.0
23 24 32.01562118716424
23 25 47.75981574503821
23 26 18.0
23 27 46.010868281309364
23 28 24.839484696748443
23 29 33.95585369269929
23 30 48.76474136094644
23 31 19.209372712298546
23 32 47.4236228055175
23 33 9.219544457292887
23 34 18.24828759089466
23 35 39.11521443121589
23 36 40.049968789001575
23 37 17.26267650163207
23 38 49.36598018878993
23 39 42.190046219457976
23 40 34.52535300326414
23 41 51.03920062069938
23 42 53.53503525729669
23 43 28.178005607210743
23 44 48.507731342539614
23 45 50.48762224545735
23 46 35.510561809129406
23 47 57.8013840664737
23 48 65.60487786742691
23 49 64.53681120105021
23 50 40.311288741492746
23 51 54.91812087098393
23 52 3.1622776601683795
23 53 31.575306807693888
23 54 63.12685640834652
23 55 56.859475903318
23 56 45.044422518220834
23 57 5.656854249492381
23 58 20.808652046684813
23 59 39.319206502675
23 60 20.09975124224178
23 61 34.785054261852174
23 62 52.15361924162119
23 63 4.123105625617661
23 64 43.965895873961216
23 65 19.79898987322333
24 1 33.301651610693426
24 2 22.67156809750927
24 3 45.17742799230607
24 4 24.698178070456937
24 5 56.60388679233962
24 6 42.190046219457976
24 7 51.19570294468082
24 8 35.608987629529715
24 9 43.382023926967726
24 10 37.013511046643494
24 11 39.05124837953327
24 12 21.540659228538015
24 13 42.04759208325728
24 14 14.7648230602334
24 15 39.56008088970496
24 16 44.14748010928823
24 17 12.806248474865697
24 18 15.620499351813308
24 19 55.97320787662612
24 20 69.06518659932803
24 21 44.01136216933077
24 22 56.302753041036986
24 23 32.01562118716424
24 24 0.0
24 25 21.400934559032695
24 26 37.21558813185679
24 27 32.0624390837628
24 28 25.612496949731394
24 29 7.0710678118654755
24 30 44.91102314577124
24 31 21.400934559032695
24 32 23.706539182259394
24 33 31.04834939252005
24 34 14.560219778561036
24 35 22.02271554554524
24 36 8.54400374531753
24 37 15.524174696260024
24 38 62.80127387243033
24 39 10.44030650891055
24 40 51.66236541235796
24 41 19.026297590440446
24 42 32.69556544854363
24 43 32.202484376209235
24 44 19.849433241279208
24 45 18.973665961010276
24 46 20.09975124224178
24 47 38.62641583165593
24 48 45.617978911828175
24 49 50.99019513592785
24 50 30.265491900843113
24 51 59.23681287847955
24 52 31.25699921617557
24 53 49.678969393496885
24 54 49.8196748283246
24 55 36.24913792078372
24 56 57.201398584300364
24 57 36.345563690772494
24 58 19.849433241279208
24 59 8.06225774829855
24 60 39.96248240537617
24 61 54.817880294662984
24 62 64.07027391856539
24 63 31.144823004794873
24 64 17.204650534085253
24 65 23.430749027719962
25 1 35.90264614203248
25 2 30.066592756745816
25 3 29.410882339705484
25 4 7.211102550927978
25 5 53.009433122794285
25 6 39.824615503479755
25 7 40.80441152620633
25 8 41.30375285612676
25 9 38.8329756778952
25 10 37.94733192202055
25 11 40.162171256046406
25 12 25.96150997149434
25 13 27.313000567495326
25 14 10.0
25 15 21.095023109728988
25 16 34.713109915419565
25 17 33.97057550292606
25 18 25.96150997149434
25 19 55.90169943749474
25 20 65.60487786742691
25 21 37.64306044943742
25 22 53.25410782277739
25 23 47.75981574503821
25 24 21.400934559032695
25 25 0.0
25 26 45.044422518220834
25 27 18.601075237738275
25 28 29.154759474226502
25 29 26.832815729997478
25 30 34.828149534535996
25 31 30.265491900843113
25 32 4.47213595499958
25 33 49.73932046178355
25 34 29.966648127543394
25 35 13.0
25 36 14.866068747318506
25 37 30.870698080866262
25 38 60.74537019394976
25 39 20.223748416156685
25 40 54.08326913195984
25 41 18.973665961010276
25 42 13.0
25 43 33.24154027718932
25 44 4.47213595499958
25 45 23.53720459187964
25 46 15.297058540778355
25 47 19.026297590440446
25 48 25.0
25 49 33.13608305156178
25 50 21.400934559032695
25 51 51.66236541235796
25 52 45.880278987817846
25 53 53.16013544000805
25 54 32.2490309931942
25 55 16.1245154965971
25 56 55.226805085936306
25 57 50.44799302251776
25 58 28.284271247461902
25 59 21.840329667841555
25 60 47.16990566028302
25 61 58.52349955359813
25 62 60.802960454241045
25 63 48.33218389437829
25 64 4.242640687119285
25 65 31.064449134018133
26 1 11.661903789690601
26 2 15.524174696260024
26 3 44.40720662234904
26 4 41.19465984809196
26 5 29.068883707497267
26 6 19.72308292331602
26 7 37.44329045369811
26 8 5.0
26 9 23.853720883753127
26 10 13.45362404707371
26 11 13.038404810405298
26 12 58.59180830116101
26 13 41.048751503547585
26 14 46.57252408878007
26 15 47.01063709417264
26 16 32.55764119219941
26 17 34.828149534535996
26 18 21.93171219946131
26 19 23.53720459187964
26 20 38.63935817272331
26 21 27.202941017470888
26 22 28.0178514522438
26 23 18.0
26 24 37.21558813185679
26 25 45.044422518220834
26 26 0.0
26 27 36.40054944640259
26 28 16.0312195418814
26 29 42.01190307520001
26 30 33.97057550292606
26 31 16.15549442140351
26 32 43.04648650006177
26 33 27.073972741361768
26 34 23.430749027719962
26 35 33.13608305156178
26 36 43.08131845707603
26 37 22.67156809750927
26 38 31.575306807693888
26 39 47.41307836451879
26 40 17.08800749063506
26 41 54.78138369920935
26 42 46.32493928760188
26 43 14.7648230602334
26 44 47.38143096192854
26 45 55.90169943749474
26 46 30.01666203960727
26 47 49.040799340956916
26 48 56.462376853972415
26 49 52.20153254455275
26 50 30.083217912982647
26 51 37.36308338453881
26 52 15.033296378372908
26 53 14.317821063276353
26 54 50.80354318352215
26 55 49.040799340956916
26 56 27.073972741361768
26 57 14.560219778561036
26 58 18.027756377319946
26 59 45.27692569068709
26 60 2.8284271247461903
26 61 18.601075237738275
26 62 34.23448553724738
26 63 22.02271554554524
26 64 42.2965719651132
26 65 14.560219778561036
27 1 25.0
27 2 25.495097567963924
27 3 13.152946437965905
27 4 11.40175425099138
27 5 35.77708763999664
27 6 24.331050121192877
27 7 22.20360331117452
27 8 31.622776601683793
27 9 22.135943621178654
27 10 25.179356624028344
27 11 27.073972741361768
27 12 43.86342439892262
27 13 10.0
27 14 27.313000567495326
27 15 10.816653826391969
27 16 16.278820596099706
27 17 41.7612260356422
27 18 26.076809620810597
27 19 40.26164427839479
27 20 48.02082881417188
27 21 20.12461179749811
27 22 36.24913792078372
27 23 46.010868281309364
27 24 32.0624390837628
27 25 18.601075237738275
27 26 36.40054944640259
27 27 0.0
27 28 21.633307652783937
27 29 39.01281840626232
27 30 16.278820596099706
27 31 26.870057685088806
27 32 14.212670403551895
27 33 51.22499389946279
27 34 32.2490309931942
27 35 10.04987562112089
27 36 29.614185789921695
27 37 32.7566787083184
27 38 43.86342439892262
27 39 35.90264614203248
