1 1 0.0
1 2 16.1245154965971
1 3 16.64331697709324
1 4 29.732137494637012
1 5 54.56189146281496
1 6 24.0
1 7 30.870698080866262
1 8 17.029386365926403
1 9 49.9799959983992
1 10 17.69180601295413
1 11 47.53945729601885
1 12 38.27531841800928
1 13 56.08029957123981
1 14 3.605551275463989
1 15 25.612496949731394
1 16 29.154759474226502
1 17 25.942243542145693
1 18 17.029386365926403
1 19 47.51841748206689
1 20 31.78049716414141
1 21 32.28002478313795
1 22 42.485291572496
1 23 19.6468827043885
1 24 20.615528128088304
1 25 48.46648326421054
1 26 34.0147027033899
1 27 44.294469180700204
1 28 35.0
1 29 9.899494936611665
1 30 31.827660925679098
1 31 14.560219778561036
1 32 9.219544457292887
1 33 35.35533905932738
1 34 20.024984394500787
1 35 26.019223662515376
1 36 52.08646657242167
1 37 51.0098029794274
1 38 15.620499351813308
1 39 60.53924347066124
1 40 43.93176527297759
1 41 46.52956049652737
1 42 19.4164878389476
1 43 39.66106403010388
1 44 21.02379604162864
1 45 37.57658845611187
1 46 41.23105625617661
1 47 52.03844732503075
1 48 39.96248240537617
1 49 10.770329614269007
1 50 10.770329614269007
1 51 40.162171256046406
1 52 7.810249675906654
1 53 36.89173349139343
1 54 42.1070065428546
1 55 42.01190307520001
2 1 16.1245154965971
2 2 0.0
2 3 17.0
2 4 14.142135623730951
2 5 47.4236228055175
2 6 21.2602916254693
2 7 14.866068747318506
2 8 28.178005607210743
2 9 41.400483088968905
2 10 21.095023109728988
2 11 31.622776601683793
2 12 34.132096331752024
2 13 47.80167361086848
2 14 14.866068747318506
2 15 28.071337695236398
2 16 18.601075237738275
2 17 21.93171219946131
2 18 21.213203435596427
2 19 33.015148038438355
2 20 17.029386365926403
2 21 39.319206502675
2 22 36.124783736376884
2 23 5.830951894845301
2 24 16.76305461424021
2 25 32.57299494980466
2 26 27.80287754891569
2 27 28.178005607210743
2 28 36.6742416417845
2 29 7.0710678118654755
2 30 31.32091952673165
2 31 11.661903789690601
2 32 17.0
2 33 30.23243291566195
2 34 19.209372712298546
2 35 36.40054944640259
2 36 39.56008088970496
2 37 37.656340767525464
2 38 20.396078054371138
2 39 54.45181356024793
2 40 29.017236257093817
2 41 40.36087214122113
2 42 28.792360097775937
2 43 23.600847442411894
2 44 5.0990195135927845
2 45 31.240998703626616
2 46 33.94112549695428
2 47 39.293765408777
2 48 35.22782990761707
2 49 5.656854249492381
2 50 10.198039027185569
2 51 24.515301344262525
2 52 9.219544457292887
2 53 20.808652046684813
2 54 28.442925306655784
2 55 38.948684188300895
3 1 16.64331697709324
3 2 17.0
3 3 0.0
3 4 23.600847442411894
3 5 38.07886552931954
3 6 35.84689665786984
3 7 26.076809620810597
3 8 15.264337522473747
3 9 33.95585369269929
3 10 4.47213595499958
3 11 40.36087214122113
3 12 21.633307652783937
3 13 39.84971769034255
3 14 13.038404810405298
3 15 11.180339887498949
3 16 16.15549442140351
3 17 9.486832980505138
3 18 5.0
3 19 36.6742416417845
3 20 23.345235059857504
3 21 22.561028345356956
3 22 26.0
3 23 14.866068747318506
3 24 5.0990195135927845
3 25 41.10960958218893
3 26 17.72004514666935
3 27 39.05124837953327
3 28 20.248456731316587
3 29 17.46424919657298
3 30 15.811388300841896
3 31 25.079872407968907
3 32 8.246211251235321
3 33 18.788294228055936
3 34 32.64965543462902
3 35 21.400934559032695
3 36 38.47076812334269
3 37 38.3275357934736
3 38 5.0
3 39 43.9089968002003
3 40 34.132096331752024
3 41 29.966648127543394
3 42 14.142135623730951
3 43 36.359317925395686
3 44 18.681541692269406
3 45 21.18962010041709
3 46 25.0
3 47 38.63935817272331
3 48 23.323807579381203
3 49 13.601470508735444
3 50 21.470910553583888
3 51 32.55764119219941
3 52 17.4928556845359
3 53 33.61547262794322
3 54 30.463092423455635
3 55 25.495097567963924
4 1 29.732137494637012
4 2 14.142135623730951
4 3 23.600847442411894
4 4 0.0
4 5 39.96248240537617
4 6 31.304951684997057
4 7 3.0
4 8 38.18376618407357
4 9 33.015148038438355
4 10 28.0178514522438
4 11 17.88854381999832
4 12 31.25699921617557
4 13 39.20459156782532
4 14 27.730849247724095
4 15 32.31098884280702
4 16 13.038404810405298
4 17 22.561028345356956
4 18 28.600699292150182
4 19 19.235384061671343
4 20 4.242640687119285
4 21 45.18849411078001
4 22 30.675723300355934
4 23 10.295630140987
4 24 20.12461179749811
4 25 18.788294228055936
4 26 24.186773244895647
4 27 15.556349186104045
4 28 38.63935817272331
4 29 21.213203435596427
4 30 32.38826948140329
4 31 24.331050121192877
4 32 27.80287754891569
4 33 27.16615541441225
4 34 30.675723300355934
4 35 45.0
4 36 27.294688127912362
4 37 24.698178070456937
4 38 28.42534080710379
4 39 47.50789408087881
4 40 15.033296378372908
4 41 34.539832078341085
4 42 37.64306044943742
4 43 13.0
4 44 9.055385138137417
4 45 26.68332812825267
4 46 27.85677655436824
4 47 26.832815729997478
4 48 31.575306807693888
4 49 18.973665961010276
4 50 24.0
4 51 10.44030650891055
4 52 23.345235059857504
4 53 10.44030650891055
4 54 15.652475842498529
4 55 36.345563690772494
5 1 54.56189146281496
5 2 47.4236228055175
5 3 38.07886552931954
5 4 39.96248240537617
5 5 0.0
5 6 68.59300255857006
5 7 42.5440947723653
5 8 48.507731342539614
5 9 7.280109889280518
5 10 38.600518131237564
5 11 42.2965719651132
5 12 17.26267650163207
5 13 4.242640687119285
5 14 50.99019513592785
5 15 33.24154027718932
5 16 29.0
5 17 28.635642126552707
5 18 39.56008088970496
5 19 31.064449134018133
5 20 35.84689665786984
5 21 40.607881008493905
5 22 12.083045973594572
5 23 41.72529209005013
5 24 34.0
5 25 42.190046219457976
5 26 20.591260281974
5 27 46.09772228646444
5 28 28.284271247461902
5 29 52.20153254455275
5 30 26.076809620810597
5 31 58.89821729050889
5 32 46.238512086787566
5 33 19.313207915827967
5 34 66.60330322138685
5 35 48.041648597857254
5 36 21.213203435596427
5 37 25.079872407968907
5 38 40.80441152620633
5 39 7.615773105863909
5 40 33.54101966249684
5 41 8.246211251235321
5 42 45.27692569068709
5 43 48.703182647543684
5 44 44.598206241955516
5 45 17.0
5 46 13.601470508735444
5 47 22.20360331117452
5 48 15.297058540778355
5 49 48.010415536631214
5 50 56.4003546088143
5 51 38.600518131237564
5 52 53.25410782277739
5 53 47.53945729601885
5 54 27.892651361962706
5 55 16.1245154965971
6 1 24.0
6 2 21.2602916254693
6 3 35.84689665786984
6 4 31.304951684997057
6 5 68.59300255857006
6 6 0.0
6 7 30.083217912982647
6 8 41.012193308819754
6 9 62.369864518050704
6 10 38.897300677553446
6 11 44.40720662234904
6 12 55.21775076911409
6 13 68.76772498781678
6 14 26.1725046566048
6 15 46.8187996428785
6 16 39.6232255123179
6 17 42.720018726587654
6 18 38.600518131237564
6 19 49.9799959983992
6 20 35.35533905932738
6 21 55.731499172371095
6 22 57.38466694161429
6 23 26.870057685088806
6 24 37.21558813185679
6 25 45.39823785126467
6 26 49.040799340956916
6 27 39.11521443121589
6 28 56.08029957123981
6 29 18.384776310850235
6 30 51.42956348249516
6 31 10.770329614269007
6 32 31.575306807693888
6 33 51.40038910358559
6 34 4.123105625617661
6 35 50.00999900019995
6 36 58.59180830116101
6 37 55.94640292279746
6 38 37.36308338453881
6 39 75.69015788066504
6 40 45.5411901469428
6 41 61.61980201201558
6 42 43.18564576337837
6 43 33.06055050963308
6 44 24.20743687382041
6 45 52.49761899362675
6 46 55.17245689653489
6 47 58.137767414994535
6 48 56.4003546088143
6 49 22.360679774997898
6 50 14.560219778561036
6 51 39.56008088970496
6 52 18.681541692269406
6 53 31.25699921617557
6 54 46.95742752749558
6 55 59.90826320300064
7 1 30.870698080866262
7 2 14.866068747318506
7 3 26.076809620810597
7 4 3.0
7 5 42.5440947723653
7 6 30.083217912982647
7 7 0.0
7 8 40.36087214122113
7 9 35.510561809129406
7 10 30.528675044947494
7 11 16.76305461424021
7 12 34.23448553724738
7 13 41.617304093369626
7 14 29.154759474226502
7 15 35.11409973215888
7 16 16.0312195418814
7 17 25.495097567963924
7 18 31.064449134018133
7 19 19.924858845171276
7 20 6.708203932499369
7 21 47.92702786528704
7 22 33.52610922848042
7 23 12.041594578792296
7 24 22.847319317591726
7 25 17.72004514666935
7 26 27.16615541441225
7 27 13.601470508735444
7 28 41.593268686170845
7 29 21.840329667841555
7 30 35.35533905932738
7 31 24.020824298928627
7 32 29.732137494637012
7 33 30.14962686336267
7 34 29.832867780352597
7 35 47.43416490252569
7 36 28.844410203711913
7 37 25.942243542145693
7 38 30.805843601498726
7 39 50.11985634456667
7 40 15.524174696260024
7 41 37.33630940518894
7 42 40.0
7 43 10.295630140987
7 44 9.848857801796104
7 45 29.614185789921695
7 46 30.675723300355934
7 47 28.30194339616981
7 48 34.52535300326414
7 49 20.12461179749811
7 50 24.186773244895647
7 51 10.0
7 52 24.041630560342615
7 53 7.615773105863909
7 54 17.204650534085253
7 55 39.319206502675
8 1 17.029386365926403
8 2 28.178005607210743
8 3 15.264337522473747
8 4 38.18376618407357
8 5 48.507731342539614
8 6 41.012193308819754
8 7 40.36087214122113
8 8 0.0
8 9 46.0
8 10 11.704699910719626
8 11 55.44366510251645
8 12 31.25699921617557
8 13 51.15662224971465
8 14 15.132745950421556
8 15 15.297058540778355
8 16 31.304951684997057
8 17 22.561028345356956
8 18 10.770329614269007
8 19 51.884487084291386
8 20 38.41874542459709
8 21 16.1245154965971
8 22 37.05401462729781
8 23 28.42534080710379
8 24 20.12461179749811
8 25 56.22277118748239
8 26 30.14962686336267
8 27 53.74011537017761
8 28 22.825424421026653
8 29 24.73863375370596
8 30 22.561028345356956
8 31 31.144823004794873
8 32 11.180339887498949
8 33 30.0
8 34 37.05401462729781
8 35 9.0
8 36 52.88667128870941
8 37 53.14132102234569
8 38 10.295630140987
8 39 52.88667128870941
8 40 49.39635614091387
8 41 40.311288741492746
8 42 3.605551275463989
8 43 50.44799302251776
8 44 31.622776601683793
8 45 33.015148038438355
8 46 37.013511046643494
8 47 53.16013544000805
8 48 33.24154027718932
8 49 22.847319317591726
8 50 27.16615541441225
8 51 47.634021455258214
8 52 23.345235059857504
8 53 47.634021455258214
8 54 45.617978911828175
8 55 33.24154027718932
9 1 49.9799959983992
9 2 41.400483088968905
9 3 33.95585369269929
9 4 33.015148038438355
9 5 7.280109889280518
9 6 62.369864518050704
9 7 35.510561809129406
9 8 46.0
9 9 0.0
9 10 35.22782990761707
9 11 35.12833614050059
9 12 15.524174696260024
9 13 6.4031242374328485
9 14 46.486557196677836
9 15 31.144823004794873
9 16 22.80350850198276
9 17 24.515301344262525
9 18 36.22154055254967
9 19 24.0
9 20 28.844410203711913
9 21 40.496913462633174
9 22 9.219544457292887
9 23 35.608987629529715
9 24 29.410882339705484
9 25 35.05709628591621
9 26 16.278820596099706
9 27 38.8329756778952
9 28 28.231188426986208
9 29 46.647615158762406
9 30 24.515301344262525
9 31 53.009433122794285
9 32 42.20189569201838
9 33 16.0
9 34 60.60528029800704
9 35 46.87216658103186
9 36 14.866068747318506
9 37 18.439088914585774
9 38 37.33630940518894
9 39 14.866068747318506
9 40 26.30589287593181
9 41 7.810249675906654
9 42 43.04648650006177
9 43 41.43669871020132
9 44 38.2099463490856
9 45 13.038404810405298
9 46 9.055385138137417
9 47 15.811388300841896
9 48 13.601470508735444
9 49 42.5440947723653
9 50 50.774009099144415
9 51 31.32091952673165
9 52 47.885279575251516
9 53 40.311288741492746
9 54 20.615528128088304
9 55 16.64331697709324
10 1 17.69180601295413
10 2 21.095023109728988
10 3 4.47213595499958
10 4 28.0178514522438
10 5 38.600518131237564
10 6 38.897300677553446
10 7 30.528675044947494
10 8 11.704699910719626
10 9 35.22782990761707
10 10 0.0
10 11 44.553338819890925
10 12 21.540659228538015
10 13 40.792156108742276
10 14 14.212670403551895
10 15 8.06225774829855
10 16 19.72308292331602
10 17 11.045361017187261
10 18 1.0
10 19 40.311288741492746
10 20 27.586228448267445
10 21 18.24828759089466
10 22 26.68332812825267
10 23 19.313207915827967
10 24 8.602325267042627
10 25 45.27692569068709
10 26 19.026297590440446
10 27 43.41658669218482
10 28 17.4928556845359
10 29 20.615528128088304
10 30 14.212670403551895
10 31 28.160255680657446
10 32 8.48528137423857
10 33 19.4164878389476
10 34 35.4682957019364
10 35 17.029386365926403
10 36 41.23105625617661
10 37 41.43669871020132
10 38 2.23606797749979
10 39 43.86342439892262
10 40 38.01315561749642
10 41 30.364452901377952
10 42 10.0
10 43 40.8166632639171
10 44 23.08679276123039
10 45 22.20360331117452
10 46 26.1725046566048
10 47 41.48493702538308
10 48 23.40939982143925
10 49 17.11724276862369
10 50 24.351591323771842
10 51 36.76955262170047
10 52 20.248456731316587
10 53 38.07886552931954
10 54 34.0
10 55 24.698178070456937
11 1 47.53945729601885
11 2 31.622776601683793
11 3 40.36087214122113
11 4 17.88854381999832
11 5 42.2965719651132
11 6 44.40720662234904
11 7 16.76305461424021
11 8 55.44366510251645
11 9 35.12833614050059
11 10 44.553338819890925
11 11 0.0
11 12 40.80441152620633
11 13 39.81205847478876
11 14 45.617978911828175
11 15 47.20169488482379
11 16 25.80697580112788
11 17 36.61966684720111
11 18 45.27692569068709
11 19 11.40175425099138
11 20 17.029386365926403
11 21 60.21627686929839
11 22 37.48332962798263
11 23 28.178005607210743
11 24 36.069377593742864
11 25 1.0
11 26 34.539832078341085
11 27 5.830951894845301
11 28 51.42956348249516
11 29 38.600518131237564
11 30 45.17742799230607
11 31 40.19950248448356
11 32 45.48626166217664
11 33 37.33630940518894
11 34 45.044422518220834
11 35 61.5223536610881
11 36 22.47220505424423
11 37 18.384776310850235
11 38 45.34313619501854
11 39 49.64876634922564
11 40 9.055385138137417
11 41 40.11234224026316
11 42 54.48853090330111
11 43 11.704699910719626
11 44 26.570660511172846
11 45 35.4400902933387
11 46 34.52535300326414
11 47 21.540659228538015
11 48 40.26164427839479
11 49 36.76955262170047
11 50 40.792156108742276
11 51 7.810249675906654
11 52 40.80441152620633
11 53 13.152946437965905
11 54 15.132745950421556
11 55 45.35416188179427
12 1 38.27531841800928
12 2 34.132096331752024
12 3 21.633307652783937
12 4 31.25699921617557
12 5 17.26267650163207
12 6 55.21775076911409
12 7 34.23448553724738
12 8 31.25699921617557
12 9 15.524174696260024
12 10 21.540659228538015
12 11 40.80441152620633
12 12 0.0
12 13 20.0
12 14 34.66987164671943
12 15 16.0312195418814
12 16 18.24828759089466
12 17 12.727922061357855
12 18 22.47220505424423
12 19 31.76476034853718
12 20 28.0178514522438
12 21 25.079872407968907
12 22 6.324555320336759
12 23 29.068883707497267
12 24 18.384776310850235
12 25 41.10960958218893
12 26 7.0710678118654755
12 27 42.579337712087536
12 28 13.038404810405298
12 29 37.53664875824692
12 30 9.055385138137417
12 31 44.82186966202994
12 32 29.5296461204668
12 33 4.123105625617661
12 34 52.630789467763066
12 35 31.400636936215164
12 36 26.90724809414742
12 37 29.068883707497267
12 38 23.769728648009426
12 39 22.360679774997898
12 40 31.953090617340916
12 41 9.055385138137417
12 42 28.071337695236398
12 43 43.01162633521314
12 44 32.69556544854363
12 45 5.385164807134504
12 46 7.810249675906654
12 47 27.586228448267445
12 48 2.0
12 49 33.301651610693426
12 50 41.773197148410844
12 51 34.52535300326414
12 52 38.18376618407357
12 53 41.012193308819754
12 54 26.0
12 55 5.0990195135927845
13 1 56.08029957123981
13 2 47.80167361086848
13 3 39.84971769034255
13 4 39.20459156782532
13 5 4.242640687119285
13 6 68.76772498781678
13 7 41.617304093369626
13 8 51.15662224971465
13 9 6.4031242374328485
13 10 40.792156108742276
13 11 39.81205847478876
13 12 20.0
13 13 0.0
13 14 52.55473337388365
13 15 36.013886210738214
13 16 29.206163733020468
13 17 30.364452901377952
13 18 41.773197148410844
13 19 28.442925306655784
13 20 35.0
13 21 44.14748010928823
13 22 14.142135623730951
13 23 42.01190307520001
13 24 35.4682957019364
13 25 39.6232255123179
13 26 22.135943621178654
13 27 43.965895873961216
13 28 31.78049716414141
13 29 53.0
13 30 29.017236257093817
13 31 59.405386961116584
13 32 48.08326112068523
13 33 21.37755832643195
13 34 67.00746227100382
13 35 51.24451190127583
13 36 18.0
13 37 22.02271554554524
13 38 42.95346318982906
13 39 10.0
13 40 31.32091952673165
13 41 11.045361017187261
13 42 48.041648597857254
13 43 47.01063709417264
13 44 44.598206241955516
13 45 18.681541692269406
13 46 14.866068747318506
13 47 19.0
13 48 18.0
13 49 48.877397639399746
13 50 57.14017850864661
13 51 36.76955262170047
13 52 54.20332093147061
13 53 46.06517122512408
13 54 26.0
13 55 19.6468827043885
14 1 3.605551275463989
14 2 14.866068747318506
14 3 13.038404810405298
14 4 27.730849247724095
14 5 50.99019513592785
14 6 26.1725046566048
14 7 29.154759474226502
14 8 15.132745950421556
14 9 46.486557196677836
14 10 14.212670403551895
14 11 45.617978911828175
14 12 34.66987164671943
14 13 52.55473337388365
14 14 0.0
14 15 22.20360331117452
14 16 26.019223662515376
14 17 22.360679774997898
14 18 13.601470508735444
14 19 44.91102314577124
14 20 29.410882339705484
14 21 29.614185789921695
14 22 38.91015291668744
14 23 17.46424919657298
14 24 17.08800749063506
14 25 46.51881339845203
14 26 30.463092423455635
14 27 42.720018726587654
14 28 31.622776601683793
14 29 9.848857801796104
14 30 28.284271247461902
14 31 16.0312195418814
14 32 5.830951894845301
14 33 31.76476034853718
14 34 22.360679774997898
14 35 24.08318915758459
14 36 49.01020301937138
14 37 48.093658625644196
14 38 12.206555615733702
14 39 56.938563381947034
14 40 41.48493702538308
14 41 42.941821107167776
14 42 17.029386365926403
14 43 38.41874542459709
14 44 19.4164878389476
14 45 34.0147027033899
14 46 37.69615364994153
14 47 49.0
14 48 36.359317925395686
14 49 9.219544457292887
14 50 12.041594578792296
14 51 38.07886552931954
14 52 8.246211251235321
14 53 35.608987629529715
14 54 39.319206502675
14 55 38.41874542459709
15 1 25.612496949731394
15 2 28.071337695236398
15 3 11.180339887498949
15 4 32.31098884280702
15 5 33.24154027718932
15 6 46.8187996428785
15 7 35.11409973215888
15 8 15.297058540778355
15 9 31.144823004794873
15 10 8.06225774829855
15 11 47.20169488482379
15 12 16.0312195418814
15 13 36.013886210738214
15 14 22.20360331117452
15 15 0.0
15 16 21.400934559032695
15 17 10.63014581273465
15 18 8.602325267042627
15 19 41.10960958218893
15 20 30.886890422961002
15 21 13.038404810405298
15 22 22.02271554554524
15 23 25.179356624028344
15 24 12.36931687685298
15 25 47.80167361086848
15 26 16.15549442140351
15 27 47.01063709417264
15 28 9.433981132056603
15 29 28.460498941515414
15 30 7.280109889280518
15 31 36.05551275463989
15 32 16.401219466856727
15 33 15.297058540778355
15 34 43.46262762420146
15 35 16.15549442140351
15 36 39.81205847478876
15 37 40.8166632639171
15 38 10.0
15 39 37.64306044943742
15 40 39.6232255123179
15 41 25.079872407968907
15 42 12.041594578792296
15 43 45.31004303683677
15 44 29.154759474226502
15 45 18.439088914585774
15 46 22.360679774997898
15 47 40.24922359499622
15 48 18.027756377319946
15 49 24.73863375370596
15 50 32.31098884280702
15 51 39.66106403010388
15 52 28.231188426986208
15 53 42.720018726587654
15 54 34.713109915419565
15 55 18.027756377319946
16 1 29.154759474226502
16 2 18.601075237738275
16 3 16.15549442140351
16 4 13.038404810405298
16 5 29.0
16 6 39.6232255123179
16 7 16.0312195418814
16 8 31.304951684997057
16 9 22.80350850198276
16 10 19.72308292331602
16 11 25.80697580112788
16 12 18.24828759089466
16 13 29.206163733020468
16 14 26.019223662515376
16 15 21.400934559032695
16 16 0.0
16 17 10.816653826391969
16 18 20.591260281974
16 19 20.591260281974
16 20 10.198039027185569
16 21 34.40930106817051
16 22 18.35755975068582
16 23 12.806248474865697
16 24 11.180339887498949
16 25 26.40075756488817
16 26 11.180339887498949
16 27 26.0
16 28 26.248809496813376
16 29 24.166091947189145
16 30 19.924858845171276
16 31 30.23243291566195
16 32 23.345235059857504
16 33 14.142135623730951
16 34 37.8021163428716
16 35 36.235341863986875
16 36 23.0
16 37 22.360679774997898
16 38 21.02379604162864
16 39 36.235341863986875
16 40 18.439088914585774
16 41 22.47220505424423
16 42 29.68164415931166
16 43 25.317977802344327
16 44 15.620499351813308
16 45 13.92838827718412
16 46 15.811388300841896
16 47 23.021728866442675
16 48 18.681541692269406
16 49 20.248456731316587
16 50 28.178005607210743
16 51 18.35755975068582
16 52 25.632011235952593
16 53 23.08679276123039
16 54 14.317821063276353
16 55 23.345235059857504
17 1 25.942243542145693
17 2 21.93171219946131
17 3 9.486832980505138
17 4 22.561028345356956
17 5 28.635642126552707
17 6 42.720018726587654
17 7 25.495097567963924
17 8 22.561028345356956
17 9 24.515301344262525
17 10 11.045361017187261
17 11 36.61966684720111
17 12 12.727922061357855
17 13 30.364452901377952
17 14 22.360679774997898
17 15 10.63014581273465
17 16 10.816653826391969
17 17 0.0
17 18 12.041594578792296
17 19 30.610455730027933
17 20 20.615528128088304
17 21 23.600847442411894
17 22 16.55294535724685
17 23 17.46424919657298
17 24 5.656854249492381
17 25 37.20215047547655
17 26 8.246211251235321
17 27 36.6742416417845
17 28 16.1245154965971
17 29 24.839484696748443
17 30 10.0
17 31 32.202484376209235
17 32 17.72004514666935
17 33 9.433981132056603
17 34 40.0
17 35 26.076809620810597
17 36 30.364452901377952
17 37 30.870698080866262
17 38 13.0
17 39 34.66987164671943
17 40 29.0
17 41 20.591260281974
17 42 20.248456731316587
17 43 35.4400902933387
17 44 21.37755832643195
17 45 11.704699910719626
17 46 15.524174696260024
17 47 30.675723300355934
17 48 14.212670403551895
17 49 20.615528128088304
17 50 29.068883707497267
17 51 29.154759474226502
17 52 25.45584412271571
17 53 32.984845004941285
17 54 24.20743687382041
17 55 17.204650534085253
18 1 17.029386365926403
18 2 21.213203435596427
18 3 5.0
18 4 28.600699292150182
18 5 39.56008088970496
18 6 38.600518131237564
18 7 31.064449134018133
18 8 10.770329614269007
18 9 36.22154055254967
18 10 1.0
18 11 45.27692569068709
18 12 22.47220505424423
18 13 41.773197148410844
18 14 13.601470508735444
18 15 8.602325267042627
18 16 20.591260281974
18 17 12.041594578792296
18 18 0.0
18 19 41.182520563948
18 20 28.284271247461902
18 21 18.110770276274835
18 22 27.65863337187866
18 23 19.697715603592208
18 24 9.433981132056603
18 25 46.010868281309364
18 26 20.024984394500787
18 27 44.04543109109048
18 28 18.027756377319946
18 29 20.396078054371138
18 30 15.0
18 31 27.892651361962706
18 32 7.810249675906654
18 33 20.396078054371138
18 34 35.11409973215888
18 35 16.401219466856727
18 36 42.20189569201838
18 37 42.37924020083418
18 38 1.4142135623730951
18 39 44.77722635447622
18 40 38.8329756778952
18 41 31.32091952673165
18 42 9.219544457292887
18 43 41.340053217188775
18 44 23.40939982143925
18 45 23.194827009486403
18 46 27.16615541441225
18 47 42.44997055358225
18 48 24.351591323771842
18 49 17.029386365926403
18 50 24.041630560342615
18 51 37.48332962798263
18 52 19.924858845171276
18 53 38.58756276314948
18 54 34.88552708502482
18 55 25.553864678361276
19 1 47.51841748206689
19 2 33.015148038438355
19 3 36.6742416417845
19 4 19.235384061671343
19 5 31.064449134018133
19 6 49.9799959983992
19 7 19.924858845171276
19 8 51.884487084291386
19 9 24.0
19 10 40.311288741492746
19 11 11.40175425099138
19 12 31.76476034853718
19 13 28.442925306655784
19 14 44.91102314577124
19 15 41.10960958218893
19 16 20.591260281974
19 17 30.610455730027933
19 18 41.182520563948
19 19 0.0
19 20 16.0
19 21 53.74011537017761
19 22 27.51363298439521
19 23 28.071337695236398
19 24 31.76476034853718
19 25 11.180339887498949
19 26 26.40075756488817
19 27 16.1245154965971
19 28 43.60045871318328
19 29 40.0
19 30 37.64306044943742
19 31 43.56604182158393
19 32 43.32435804486894
19 33 28.844410203711913
19 34 49.72926703662542
19 35 56.61271941887264
19 36 11.180339887498949
19 37 7.211102550927978
19 38 41.593268686170845
19 39 38.3275357934736
19 40 4.47213595499958
19 41 29.614185789921695
19 42 50.24937810560445
19 43 20.518284528683193
19 44 28.071337695236398
19 45 26.419689627245813
19 46 24.698178070456937
19 47 10.295630140987
19 48 30.870698080866262
19 49 37.12142238654117
19 50 43.104524124504614
19 51 10.816653826391969
19 52 42.01190307520001
19 53 20.615528128088304
19 54 6.4031242374328485
19 55 35.84689665786984
20 1 31.78049716414141
20 2 17.029386365926403
20 3 23.345235059857504
20 4 4.242640687119285
20 5 35.84689665786984
20 6 35.35533905932738
20 7 6.708203932499369
20 8 38.41874542459709
20 9 28.844410203711913
20 10 27.586228448267445
20 11 17.029386365926403
20 12 28.0178514522438
20 13 35.0
20 14 29.410882339705484
20 15 30.886890422961002
20 16 10.198039027185569
20 17 20.615528128088304
20 18 28.284271247461902
20 19 16.0
20 20 0.0
20 21 43.9089968002003
20 22 26.92582403567252
20 23 12.165525060596439
20 24 19.209372712298546
20 25 17.804493814764857
20 26 21.0
20 27 16.1245154965971
20 28 36.40054944640259
20 29 24.0
20 30 30.083217912982647
20 31 27.892651361962706
20 32 28.653097563788805
20 33 24.0
20 34 34.539832078341085
20 35 44.598206241955516
20 36 23.259406699226016
20 37 20.8806130178211
20 38 28.319604517012593
20 39 43.41658669218482
20 40 12.165525060596439
20 41 30.675723300355934
20 42 37.48332962798263
20 43 15.132745950421556
20 44 12.165525060596439
20 45 23.194827009486403
20 46 24.041630560342615
20 47 22.847319317591726
20 48 28.160255680657446
20 49 21.213203435596427
20 50 27.16615541441225
20 51 9.219544457292887
20 52 26.019223662515376
20 53 13.0
20 54 11.704699910719626
20 55 33.06055050963308
21 1 32.28002478313795
21 2 39.319206502675
21 3 22.561028345356956
21 4 45.18849411078001
21 5 40.607881008493905
21 6 55.731499172371095
21 7 47.92702786528704
21 8 16.1245154965971
21 9 40.496913462633174
21 10 18.24828759089466
21 11 60.21627686929839
21 12 25.079872407968907
21 13 44.14748010928823
21 14 29.614185789921695
21 15 13.038404810405298
21 16 34.40930106817051
21 17 23.600847442411894
21 18 18.110770276274835
21 19 53.74011537017761
21 20 43.9089968002003
21 21 0.0
21 22 31.38470965295043
21 23 37.36308338453881
21 24 25.079872407968907
21 25 60.802960454241045
21 26 27.80287754891569
21 27 60.03332407921454
21 28 12.36931687685298
21 29 38.05259518088089
21 30 16.64331697709324
21 31 45.27692569068709
21 32 24.186773244895647
21 33 26.076809620810597
21 34 51.97114584074513
21 35 9.433981132056603
21 36 51.31276644267
21 37 52.80151512977634
21 38 19.026297590440446
21 39 43.0
21 40 52.49761899362675
21 41 33.24154027718932
21 42 13.0
21 43 58.180752831155424
21 44 41.23105625617661
21 45 29.154759474226502
21 46 32.64965543462902
21 47 51.86520991955976
21 48 26.92582403567252
21 49 35.014282800023196
21 50 41.30375285612676
21 51 52.69724850502159
21 52 37.21558813185679
21 53 55.54277630799526
21 54 47.38143096192854
21 55 24.515301344262525
22 1 42.485291572496
22 2 36.124783736376884
22 3 26.0
22 4 30.675723300355934
22 5 12.083045973594572
22 6 57.38466694161429
22 7 33.52610922848042
22 8 37.05401462729781
22 9 9.219544457292887
22 10 26.68332812825267
22 11 37.48332962798263
22 12 6.324555320336759
22 13 14.142135623730951
22 14 38.91015291668744
22 15 22.02271554554524
22 16 18.35755975068582
22 17 16.55294535724685
22 18 27.65863337187866
22 19 27.51363298439521
22 20 26.92582403567252
22 21 31.38470965295043
22 22 0.0
22 23 30.610455730027933
22 24 21.95449840010015
22 25 37.656340767525464
22 26 8.602325267042627
22 27 40.01249804748511
22 28 19.235384061671343
22 29 40.45985664828782
22 30 15.297058540778355
22 31 47.38143096192854
22 32 34.17601498127012
22 33 7.280109889280518
22 34 55.154328932550705
22 35 37.656340767525464
22 36 21.2602916254693
22 37 23.853720883753127
22 38 28.861739379323623
22 39 18.439088914585774
22 40 28.442925306655784
22 41 4.242640687119285
22 42 34.0
22 43 41.30375285612676
22 44 33.83784863137726
22 45 5.0
22 46 3.0
22 47 22.02271554554524
22 48 4.47213595499958
22 49 36.235341863986875
22 50 44.68780594300866
22 51 32.0
22 52 41.400483088968905
22 53 39.6232255123179
22 54 22.360679774997898
22 55 8.602325267042627
23 1 19.6468827043885
23 2 5.830951894845301
23 3 14.866068747318506
23 4 10.295630140987
23 5 41.72529209005013
23 6 26.870057685088806
23 7 12.041594578792296
23 8 28.42534080710379
23 9 35.608987629529715
23 10 19.313207915827967
23 11 28.178005607210743
23 12 29.068883707497267
23 13 42.01190307520001
23 14 17.46424919657298
23 15 25.179356624028344
23 16 12.806248474865697
23 17 17.46424919657298
23 18 19.697715603592208
23 19 28.071337695236398
23 20 12.165525060596439
23 21 37.36308338453881
23 22 30.610455730027933
23 23 0.0
23 24 13.0
23 25 29.068883707497267
23 26 22.47220505424423
23 27 25.612496949731394
23 28 33.06055050963308
23 29 12.165525060596439
23 30 27.294688127912362
23 31 17.4928556845359
23 32 17.69180601295413
23 33 25.059928172283335
23 34 25.0
23 35 35.84689665786984
23 36 33.95585369269929
23 37 32.2490309931942
23 38 19.235384061671343
23 39 48.83646178829912
23 40 24.331050121192877
23 41 34.828149534535996
23 42 28.30194339616981
23 43 22.02271554554524
23 44 4.0
23 45 25.80697580112788
23 46 28.319604517012593
23 47 33.734255586866
23 48 30.01666203960727
23 49 9.055385138137417
23 50 15.811388300841896
23 51 20.615528128088304
23 52 14.035668847618199
23 53 19.209372712298546
23 54 23.08679276123039
23 55 34.0147027033899
24 1 20.615528128088304
24 2 16.76305461424021
24 3 5.0990195135927845
24 4 20.12461179749811
24 5 34.0
24 6 37.21558813185679
24 7 22.847319317591726
24 8 20.12461179749811
24 9 29.410882339705484
24 10 8.602325267042627
24 11 36.069377593742864
24 12 18.384776310850235
24 13 35.4682957019364
24 14 17.08800749063506
24 15 12.36931687685298
24 16 11.180339887498949
24 17 5.656854249492381
24 18 9.433981132056603
24 19 31.76476034853718
24 20 19.209372712298546
24 21 25.079872407968907
24 22 21.95449840010015
24 23 13.0
24 24 0.0
24 25 36.76955262170047
24 26 13.416407864998739
24 27 35.22782990761707
24 28 20.09975124224178
24 29 19.209372712298546
24 30 14.560219778561036
24 31 26.627053911388696
24 32 13.038404810405298
24 33 15.0
24 34 34.40930106817051
24 35 25.45584412271571
24 36 33.37663853655727
24 37 33.24154027718932
24 38 9.848857801796104
24 39 40.22437072223753
24 40 29.410882339705484
24 41 26.076809620810597
24 42 18.601075237738275
24 43 33.1058907144937
24 44 17.0
24 45 17.0
24 46 20.615528128088304
24 47 33.54101966249684
24 48 19.849433241279208
24 49 15.0
24 50 23.430749027719962
24 51 28.319604517012593
24 52 19.79898987322333
24 53 30.463092423455635
24 54 25.495097567963924
24 55 22.80350850198276
25 1 48.46648326421054
25 2 32.57299494980466
25 3 41.10960958218893
25 4 18.788294228055936
25 5 42.190046219457976
25 6 45.39823785126467
25 7 17.72004514666935
25 8 56.22277118748239
25 9 35.05709628591621
25 10 45.27692569068709
25 11 1.0
25 12 41.10960958218893
25 13 39.6232255123179
25 14 46.51881339845203
25 15 47.80167361086848
25 16 26.40075756488817
25 17 37.20215047547655
25 18 46.010868281309364
25 19 11.180339887498949
25 20 17.804493814764857
25 21 60.802960454241045
25 22 37.656340767525464
25 23 29.068883707497267
25 24 36.76955262170047
25 25 0.0
25 26 34.92849839314596
25 27 6.708203932499369
25 28 51.884487084291386
25 29 39.56008088970496
25 30 45.65084884205331
25 31 41.19465984809196
25 32 46.32493928760188
25 33 37.69615364994153
25 34 46.04345773288535
25 35 62.22539674441618
25 36 22.135943621178654
25 37 18.027756377319946
25 38 46.09772228646444
25 39 49.49747468305833
25 40 9.219544457292887
25 41 40.19950248448356
25 42 55.226805085936306
25 43 12.649110640673518
25 44 27.51363298439521
25 45 35.73513677041127
25 46 34.713109915419565
25 47 21.18962010041709
25 48 40.52159917870962
25 49 37.69615364994153
25 50 41.773197148410844
25 51 8.602325267042627
25 52 41.7612260356422
25 53 14.142135623730951
25 54 15.297058540778355
25 55 45.60701700396552
26 1 34.0147027033899
26 2 27.80287754891569
26 3 17.72004514666935
26 4 24.186773244895647
26 5 20.591260281974
26 6 49.040799340956916
26 7 27.16615541441225
26 8 30.14962686336267
26 9 16.278820596099706
26 10 19.026297590440446
26 11 34.539832078341085
26 12 7.0710678118654755
26 13 22.135943621178654
26 14 30.463092423455635
26 15 16.15549442140351
26 16 11.180339887498949
26 17 8.246211251235321
26 18 20.024984394500787
26 19 26.40075756488817
26 20 21.0
26 21 27.80287754891569
26 22 8.602325267042627
26 23 22.47220505424423
26 24 13.416407864998739
26 25 34.92849839314596
26 26 0.0
26 27 35.90264614203248
26 28 17.204650534085253
26 29 31.89043743820395
26 30 11.313708498984761
26 31 38.897300677553446
26 32 25.96150997149434
26 33 3.0
26 34 46.69047011971501
26 35 32.31098884280702
26 36 23.706539182259394
26 37 25.0
26 38 21.095023109728988
26 39 27.018512172212592
26 40 25.942243542145693
26 41 12.806248474865697
26 42 27.459060435491963
26 43 36.05551275463989
26 44 25.942243542145693
26 45 3.605551275463989
26 46 7.280109889280518
26 47 24.186773244895647
26 48 7.615773105863909
26 49 27.65863337187866
26 50 36.124783736376884
26 51 27.892651361962706
26 52 32.802438933713454
26 53 34.0
26 54 20.248456731316587
26 55 12.165525060596439
27 1 44.294469180700204
27 2 28.178005607210743
27 3 39.05124837953327
27 4 15.556349186104045
27 5 46.09772228646444
27 6 39.11521443121589
27 7 13.601470508735444
27 8 53.74011537017761
27 9 38.8329756778952
27 10 43.41658669218482
27 11 5.830951894845301
27 12 42.579337712087536
27 13 43.965895873961216
27 14 42.720018726587654
27 15 47.01063709417264
27 16 26.0
27 17 36.6742416417845
27 18 44.04543109109048
27 19 16.1245154965971
27 20 16.1245154965971
27 21 60.03332407921454
27 22 40.01249804748511
27 23 25.612496949731394
27 24 35.22782990761707
27 25 6.708203932499369
27 26 35.90264614203248
27 27 0.0
27 28 52.20153254455275
27 29 34.92849839314596
27 30 45.880278987817846
27 31 35.6931365951495
27 32 43.278170016764804
27 33 38.8329756778952
27 34 40.01249804748511
27 35 60.440052945046304
27 36 27.294688127912362
27 37 23.323807579381203
27 38 43.93176527297759
27 39 53.600373133029585
27 40 12.649110640673518
27 41 43.04648650006177
27 42 53.150729063673246
27 43 6.082762530298219
27 44 23.323807579381203
27 45 37.33630940518894
27 46 37.013511046643494
27 47 26.419689627245813
27 48 42.2965719651132
27 49 33.61547262794322
27 50 36.68787265568828
27 51 8.06225774829855
27 52 37.16180835212409
27 53 8.06225774829855
27 54 18.24828759089466
27 55 47.38143096192854
28 1 35.0
28 2 36.6742416417845
28 3 20.248456731316587
28 4 38.63935817272331
28 5 28.284271247461902
28 6 56.08029957123981
28 7 41.593268686170845
28 8 22.825424421026653
28 9 28.231188426986208
28 10 17.4928556845359
28 11 51.42956348249516
28 12 13.038404810405298
28 13 31.78049716414141
28 14 31.622776601683793
28 15 9.433981132056603
28 16 26.248809496813376
28 17 16.1245154965971
28 18 18.027756377319946
28 19 43.60045871318328
28 20 36.40054944640259
28 21 12.36931687685298
28 22 19.235384061671343
28 23 33.06055050963308
28 24 20.09975124224178
28 25 51.884487084291386
28 26 17.204650534085253
28 27 52.20153254455275
28 28 0.0
28 29 37.69615364994153
28 30 6.324555320336759
28 31 45.31004303683677
28 32 25.80697580112788
28 33 14.866068747318506
28 34 52.80151512977634
28 35 20.09975124224178
28 36 39.824615503479755
28 37 41.72529209005013
28 38 19.4164878389476
28 39 31.144823004794873
28 40 43.04648650006177
28 41 20.8806130178211
28 42 19.235384061671343
28 43 51.419840528729765
28 44 37.05401462729781
28 45 17.69180601295413
28 46 20.808652046684813
28 47 40.45985664828782
28 48 14.7648230602334
28 49 33.83784863137726
28 50 41.6293165929973
28 51 44.384682042344295
28 52 37.57658845611187
28 53 49.03060268852505
28 54 37.44329045369811
28 55 12.165525060596439
29 1 9.899494936611665
29 2 7.0710678118654755
29 3 17.46424919657298
29 4 21.213203435596427
29 5 52.20153254455275
29 6 18.384776310850235
29 7 21.840329667841555
29 8 24.73863375370596
29 9 46.647615158762406
29 10 20.615528128088304
29 11 38.600518131237564
29 12 37.53664875824692
29 13 53.0
29 14 9.848857801796104
29 15 28.460498941515414
29 16 24.166091947189145
29 17 24.839484696748443
29 18 20.396078054371138
29 19 40.0
29 20 24.0
29 21 38.05259518088089
29 22 40.45985664828782
29 23 12.165525060596439
29 24 19.209372712298546
29 25 39.56008088970496
29 26 31.89043743820395
29 27 34.92849839314596
29 28 37.69615364994153
29 29 0.0
29 30 33.12099032335839
29 31 7.615773105863909
29 32 14.035668847618199
29 33 33.94112549695428
29 34 15.264337522473747
29 35 33.54101966249684
29 36 46.09772228646444
29 37 44.40720662234904
29 38 19.235384061671343
29 39 58.89821729050889
29 40 36.05551275463989
29 41 44.68780594300866
29 42 26.1725046566048
29 43 30.01666203960727
29 44 12.165525060596439
29 45 35.4682957019364
29 46 38.600518131237564
29 47 45.89117562233506
29 48 38.897300677553446
29 49 4.242640687119285
29 50 4.242640687119285
29 51 31.575306807693888
29 52 2.23606797749979
29 53 27.294688127912362
29 54 35.22782990761707
29 55 42.01190307520001
30 1 31.827660925679098
30 2 31.32091952673165
30 3 15.811388300841896
30 4 32.38826948140329
30 5 26.076809620810597
30 6 51.42956348249516
30 7 35.35533905932738
30 8 22.561028345356956
30 9 24.515301344262525
30 10 14.212670403551895
30 11 45.17742799230607
30 12 9.055385138137417
30 13 29.017236257093817
30 14 28.284271247461902
30 15 7.280109889280518
30 16 19.924858845171276
30 17 10.0
30 18 15.0
30 19 37.64306044943742
30 20 30.083217912982647
30 21 16.64331697709324
30 22 15.297058540778355
30 23 27.294688127912362
30 24 14.560219778561036
30 25 45.65084884205331
30 26 11.313708498984761
30 27 45.880278987817846
30 28 6.324555320336759
30 29 33.12099032335839
30 30 0.0
30 31 40.70626487409524
30 32 22.67156809750927
30 33 9.433981132056603
30 34 48.373546489791295
30 35 22.360679774997898
30 36 34.66987164671943
30 37 36.235341863986875
30 38 16.401219466856727
30 39 30.364452901377952
30 40 36.89173349139343
30 41 18.0
30 42 19.235384061671343
30 43 45.12205669071391
30 44 31.25699921617557
30 45 12.529964086141668
30 46 16.15549442140351
30 47 35.22782990761707
30 48 11.045361017187261
30 49 29.068883707497267
30 50 37.21558813185679
30 51 38.07886552931954
30 52 33.28663395418648
30 53 42.7551166528639
30 54 31.400636936215164
30 55 10.770329614269007
31 1 14.560219778561036
31 2 11.661903789690601
31 3 25.079872407968907
31 4 24.331050121192877
31 5 58.89821729050889
31 6 10.770329614269007
31 7 24.020824298928627
31 8 31.144823004794873
31 9 53.009433122794285
31 10 28.160255680657446
31 11 40.19950248448356
31 12 44.82186966202994
31 13 59.405386961116584
31 14 16.0312195418814
31 15 36.05551275463989
31 16 30.23243291566195
31 17 32.202484376209235
31 18 27.892651361962706
31 19 43.56604182158393
31 20 27.892651361962706
31 21 45.27692569068709
31 22 47.38143096192854
31 23 17.4928556845359
31 24 26.627053911388696
31 25 41.19465984809196
31 26 38.897300677553446
31 27 35.6931365951495
31 28 45.31004303683677
31 29 7.615773105863909
31 30 40.70626487409524
31 31 0.0
31 32 21.095023109728988
31 33 41.10960958218893
31 34 7.810249675906654
31 35 40.11234224026316
31 36 50.92150822589606
31 37 48.76474136094644
31 38 26.68332812825267
31 39 65.79513659838392
31 40 39.319206502675
31 41 51.62363799656123
31 42 33.0
31 43 30.083217912982647
31 44 15.811388300841896
31 45 42.42640687119285
31 46 45.34313619501854
31 47 50.59644256269407
31 48 46.09772228646444
31 49 11.661903789690601
31 50 4.0
31 51 34.0147027033899
31 52 8.06225774829855
31 53 27.65863337187866
31 54 39.56008088970496
31 55 49.4064773081425
32 1 9.219544457292887
32 2 17.0
32 3 8.246211251235321
32 4 27.80287754891569
32 5 46.238512086787566
32 6 31.575306807693888
32 7 29.732137494637012
32 8 11.180339887498949
32 9 42.20189569201838
32 10 8.48528137423857
32 11 45.48626166217664
32 12 29.5296461204668
32 13 48.08326112068523
32 14 5.830951894845301
32 15 16.401219466856727
32 16 23.345235059857504
32 17 17.72004514666935
32 18 7.810249675906654
32 19 43.32435804486894
32 20 28.653097563788805
32 21 24.186773244895647
32 22 34.17601498127012
32 23 17.69180601295413
32 24 13.038404810405298
32 25 46.32493928760188
32 26 25.96150997149434
32 27 43.278170016764804
32 28 25.80697580112788
32 29 14.035668847618199
32 30 22.67156809750927
32 31 21.095023109728988
32 32 0.0
32 33 26.92582403567252
32 34 27.892651361962706
32 35 19.6468827043885
32 36 46.17358552246078
32 37 45.70557952810576
32 38 6.4031242374328485
32 39 51.884487084291386
32 40 40.311288741492746
