1 1 0.0
1 2 3.0
1 3 9.433981132056603
1 4 10.04987562112089
1 5 12.165525060596439
1 6 17.029386365926403
1 7 18.973665961010276
1 8 14.422205101855956
1 9 17.69180601295413
1 10 5.0
1 11 16.76305461424021
1 12 18.24828759089466
1 13 18.0
1 14 4.47213595499958
1 15 15.231546211727817
1 16 6.708203932499369
1 17 12.36931687685298
1 18 15.620499351813308
1 19 5.0
2 1 3.0
2 2 0.0
2 3 11.313708498984761
2 4 10.198039027185569
2 5 9.219544457292887
2 6 17.11724276862369
2 7 18.24828759089466
2 8 12.041594578792296
2 9 15.620499351813308
2 10 3.1622776601683795
2 11 16.1245154965971
2 12 18.973665961010276
2 13 18.24828759089466
2 14 4.123105625617661
2 15 12.529964086141668
2 16 4.242640687119285
2 17 12.0
2 18 13.892443989449804
2 19 4.0
3 1 9.433981132056603
3 2 11.313708498984761
3 3 0.0
3 4 6.324555320336759
3 5 18.027756377319946
3 6 10.816653826391969
3 7 14.866068747318506
3 8 17.0
3 9 18.439088914585774
3 10 10.295630140987
3 11 12.806248474865697
3 12 10.198039027185569
3 13 11.180339887498949
3 14 8.06225774829855
3 15 19.1049731745428
3 16 12.083045973594572
3 17 8.94427190999916
3 18 15.524174696260024
3 19 8.94427190999916
4 1 10.04987562112089
4 2 10.198039027185569
4 3 6.324555320336759
4 4 0.0
4 5 13.601470508735444
4 6 7.0
4 7 9.433981132056603
4 8 11.180339887498949
4 9 12.165525060596439
4 10 7.615773105863909
4 11 7.211102550927978
4 12 8.94427190999916
4 13 8.06225774829855
4 14 6.082762530298219
4 15 13.601470508735444
4 16 8.602325267042627
4 17 2.8284271247461903
4 18 9.219544457292887
4 19 6.324555320336759
5 1 12.165525060596439
5 2 9.219544457292887
5 3 18.027756377319946
5 4 13.601470508735444
5 5 0.0
5 6 18.601075237738275
5 7 17.08800749063506
5 8 6.0
5 9 10.04987562112089
5 10 8.06225774829855
5 11 15.652475842498529
5 12 21.93171219946131
5 13 20.0
5 14 10.198039027185569
5 15 4.47213595499958
5 16 6.082762530298219
5 17 13.45362404707371
5 18 10.198039027185569
5 19 9.219544457292887
6 1 17.029386365926403
6 2 17.11724276862369
6 3 10.816653826391969
6 4 7.0
6 5 18.601075237738275
6 6 0.0
6 7 5.0990195135927845
6 8 14.212670403551895
6 9 13.0
6 10 14.317821063276353
6 11 4.123105625617661
6 12 4.123105625617661
6 13 1.4142135623730951
6 14 13.038404810405298
6 15 17.029386365926403
6 16 14.866068747318506
6 17 5.385164807134504
6 18 10.295630140987
6 19 13.152946437965905
7 1 18.973665961010276
7 2 18.24828759089466
7 3 14.866068747318506
7 4 9.433981132056603
7 5 17.08800749063506
7 6 5.0990195135927845
7 7 0.0
7 8 11.661903789690601
7 9 9.219544457292887
7 10 15.132745950421556
7 11 2.23606797749979
7 12 9.0
7 13 6.0
7 14 14.560219778561036
7 15 14.422205101855956
7 16 15.0
7 17 6.708203932499369
7 18 7.211102550927978
7 19 14.317821063276353
8 1 14.422205101855956
8 2 12.041594578792296
8 3 17.0
8 4 11.180339887498949
8 5 6.0
8 6 14.212670403551895
8 7 11.661903789690601
8 8 0.0
8 9 4.123105625617661
8 10 9.433981132056603
8 11 10.63014581273465
8 12 18.027756377319946
8 13 15.620499351813308
8 14 10.770329614269007
8 15 2.8284271247461903
8 16 7.810249675906654
8 17 9.848857801796104
8 18 4.47213595499958
8 19 9.848857801796104
9 1 17.69180601295413
9 2 15.620499351813308
9 3 18.439088914585774
9 4 12.165525060596439
9 5 10.04987562112089
9 6 13.0
9 7 9.219544457292887
9 8 4.123105625617661
9 9 0.0
9 10 12.727922061357855
9 11 8.94427190999916
9 12 17.08800749063506
9 13 14.317821063276353
9 14 13.601470508735444
9 15 6.082762530298219
9 16 11.40175425099138
9 17 10.0
9 18 3.0
9 19 12.806248474865697
10 1 5.0
10 2 3.1622776601683795
10 3 10.295630140987
10 4 7.615773105863909
10 5 8.06225774829855
10 6 14.317821063276353
10 7 15.132745950421556
10 8 9.433981132056603
10 9 12.727922061357855
10 10 0.0
10 11 13.038404810405298
10 12 16.55294535724685
10 13 15.524174696260024
10 14 2.23606797749979
10 15 10.44030650891055
10 16 2.0
10 17 9.055385138137417
10 18 10.816653826391969
10 19 1.4142135623730951
11 1 16.76305461424021
11 2 16.1245154965971
11 3 12.806248474865697
11 4 7.211102550927978
11 5 15.652475842498529
11 6 4.123105625617661
11 7 2.23606797749979
11 8 10.63014581273465
11 9 8.94427190999916
11 10 13.038404810405298
11 11 0.0
11 12 8.246211251235321
11 13 5.385164807134504
11 14 12.36931687685298
11 15 13.45362404707371
11 16 13.038404810405298
11 17 4.47213595499958
11 18 6.4031242374328485
11 19 12.165525060596439
12 1 18.24828759089466
12 2 18.973665961010276
12 3 10.198039027185569
12 4 8.94427190999916
12 5 21.93171219946131
12 6 4.123105625617661
12 7 9.0
12 8 18.027756377319946
12 9 17.08800749063506
12 10 16.55294535724685
12 11 8.246211251235321
12 12 0.0
12 13 3.0
12 14 14.866068747318506
12 15 20.808652046684813
12 16 17.4928556845359
12 17 8.48528137423857
12 18 14.317821063276353
12 19 15.231546211727817
13 1 18.0
13 2 18.24828759089466
13 3 11.180339887498949
13 4 8.06225774829855
13 5 20.0
13 6 1.4142135623730951
13 7 6.0
13 8 15.620499351813308
13 9 14.317821063276353
13 10 15.524174696260024
13 11 5.385164807134504
13 12 3.0
13 13 0.0
13 14 14.142135623730951
13 15 18.439088914585774
13 16 16.15549442140351
13 17 6.708203932499369
13 18 11.661903789690601
13 19 14.317821063276353
14 1 4.47213595499958
14 2 4.123105625617661
14 3 8.06225774829855
14 4 6.082762530298219
14 5 10.198039027185569
14 6 13.038404810405298
14 7 14.560219778561036
14 8 10.770329614269007
14 9 13.601470508735444
14 10 2.23606797749979
14 11 12.36931687685298
14 12 14.866068747318506
14 13 14.142135623730951
14 14 0.0
14 15 12.165525060596439
14 16 4.123105625617661
14 17 8.06225774829855
14 18 11.313708498984761
14 19 1.0
15 1 15.231546211727817
15 2 12.529964086141668
15 3 19.1049731745428
15 4 13.601470508735444
15 5 4.47213595499958
15 6 17.029386365926403
15 7 14.422205101855956
15 8 2.8284271247461903
15 9 6.082762530298219
15 10 10.44030650891055
15 11 13.45362404707371
15 12 20.808652046684813
15 13 18.439088914585774
15 14 12.165525060596439
15 15 0.0
15 16 8.54400374531753
15 17 12.529964086141668
15 18 7.211102550927978
15 19 11.180339887498949
16 1 6.708203932499369
16 2 4.242640687119285
16 3 12.083045973594572
16 4 8.602325267042627
16 5 6.082762530298219
16 6 14.866068747318506
16 7 15.0
16 8 7.810249675906654
16 9 11.40175425099138
16 10 2.0
16 11 13.038404810405298
16 12 17.4928556845359
16 13 16.15549442140351
16 14 4.123105625617661
16 15 8.54400374531753
16 16 0.0
16 17 9.486832980505138
16 18 9.848857801796104
16 19 3.1622776601683795
17 1 12.36931687685298
17 2 12.0
17 3 8.94427190999916
17 4 2.8284271247461903
17 5 13.45362404707371
17 6 5.385164807134504
17 7 6.708203932499369
17 8 9.848857801796104
17 9 10.0
17 10 9.055385138137417
17 11 4.47213595499958
17 12 8.48528137423857
17 13 6.708203932499369
17 14 8.06225774829855
17 15 12.529964086141668
17 16 9.486832980505138
17 17 0.0
17 18 7.0
17 19 8.0
18 1 15.620499351813308
18 2 13.892443989449804
18 3 15.524174696260024
18 4 9.219544457292887
18 5 10.198039027185569
18 6 10.295630140987
18 7 7.211102550927978
18 8 4.47213595499958
18 9 3.0
18 10 10.816653826391969
18 11 6.4031242374328485
18 12 14.317821063276353
18 13 11.661903789690601
18 14 11.313708498984761
18 15 7.211102550927978
18 16 9.848857801796104
18 17 7.0
18 18 0.0
18 19 10.63014581273465
19 1 5.0
19 2 4.0
19 3 8.94427190999916
19 4 6.324555320336759
19 5 9.219544457292887
19 6 13.152946437965905
19 7 14.317821063276353
19 8 9.848857801796104
19 9 12.806248474865697
19 10 1.4142135623730951
19 11 12.165525060596439
19 12 15.231546211727817
19 13 14.317821063276353
19 14 1.0
19 15 11.180339887498949
19 16 3.1622776601683795
19 17 8.0
19 18 10.63014581273465
19 19 0.0
