1 1 0.0
1 2 4.242640687119285
1 3 10.04987562112089
1 4 2.8284271247461903
1 5 12.36931687685298
1 6 9.433981132056603
1 7 12.041594578792296
1 8 16.401219466856727
1 9 12.529964086141668
1 10 7.0710678118654755
1 11 7.0
1 12 10.04987562112089
1 13 12.041594578792296
1 14 9.848857801796104
1 15 13.038404810405298
1 16 10.44030650891055
1 17 5.830951894845301
1 18 9.848857801796104
2 1 4.242640687119285
2 2 0.0
2 3 13.601470508735444
2 4 7.0710678118654755
2 5 15.0
2 6 11.180339887498949
2 7 9.219544457292887
2 8 16.401219466856727
2 9 8.54400374531753
2 10 10.770329614269007
2 11 10.44030650891055
2 12 7.280109889280518
2 13 12.529964086141668
2 14 6.082762530298219
2 15 10.770329614269007
2 16 9.219544457292887
2 17 2.0
2 18 9.219544457292887
3 1 10.04987562112089
3 2 13.601470508735444
3 3 0.0
3 4 8.06225774829855
3 5 4.47213595499958
3 6 6.324555320336759
3 7 17.029386365926403
3 8 14.0
3 9 20.0
3 10 3.0
3 11 3.1622776601683795
3 12 15.556349186104045
3 13 10.198039027185569
3 14 17.204650534085253
3 15 16.64331697709324
3 16 13.038404810405298
3 17 14.317821063276353
3 18 11.661903789690601
4 1 2.8284271247461903
4 2 7.0710678118654755
4 3 8.06225774829855
4 4 0.0
4 5 11.180339887498949
4 6 9.219544457292887
4 7 14.317821063276353
4 8 17.0
4 9 15.264337522473747
4 10 5.0990195135927845
4 11 5.385164807134504
4 12 12.36931687685298
4 13 12.529964086141668
4 14 12.529964086141668
4 15 15.033296378372908
4 16 12.041594578792296
4 17 8.602325267042627
4 18 11.180339887498949
5 1 12.36931687685298
5 2 15.0
5 3 4.47213595499958
5 4 11.180339887498949
5 5 0.0
5 6 4.47213595499958
5 7 15.811388300841896
5 8 10.198039027185569
5 9 19.697715603592208
5 10 6.4031242374328485
5 11 5.830951894845301
5 12 14.7648230602334
5 13 7.211102550927978
5 14 17.08800749063506
5 15 14.866068747318506
5 16 11.40175425099138
5 17 15.132745950421556
5 18 10.0
6 1 9.433981132056603
6 2 11.180339887498949
6 3 6.324555320336759
6 4 9.219544457292887
6 5 4.47213595499958
6 6 0.0
6 7 11.40175425099138
6 8 8.246211251235321
6 9 15.231546211727817
6 10 6.082762530298219
6 11 5.0990195135927845
6 12 10.295630140987
6 13 4.0
6 14 12.649110640673518
6 15 10.63014581273465
6 16 7.0710678118654755
6 17 11.0
6 18 5.656854249492381
7 1 12.041594578792296
7 2 9.219544457292887
7 3 17.029386365926403
7 4 14.317821063276353
7 5 15.811388300841896
7 6 11.40175425099138
7 7 0.0
7 8 11.045361017187261
7 9 5.0990195135927845
7 10 15.264337522473747
7 11 14.422205101855956
7 12 2.0
7 13 9.486832980505138
7 14 4.242640687119285
7 15 2.23606797749979
7 16 4.47213595499958
7 17 7.280109889280518
7 18 5.830951894845301
8 1 16.401219466856727
8 2 16.401219466856727
8 3 14.0
8 4 17.0
8 5 10.198039027185569
8 6 8.246211251235321
8 7 11.045361017187261
8 8 0.0
8 9 16.1245154965971
8 10 14.317821063276353
8 11 13.341664064126334
8 12 11.40175425099138
8 13 4.47213595499958
8 14 14.560219778561036
8 15 9.0
8 16 7.615773105863909
8 17 15.264337522473747
8 18 7.211102550927978
9 1 12.529964086141668
9 2 8.54400374531753
9 3 20.0
9 4 15.264337522473747
9 5 19.697715603592208
9 6 15.231546211727817
9 7 5.0990195135927845
9 8 16.1245154965971
9 9 0.0
9 10 17.69180601295413
9 11 17.029386365926403
9 12 5.0990195135927845
9 13 14.142135623730951
9 14 2.8284271247461903
9 15 7.280109889280518
9 16 9.055385138137417
9 17 6.708203932499369
9 18 10.198039027185569
10 1 7.0710678118654755
10 2 10.770329614269007
10 3 3.0
10 4 5.0990195135927845
10 5 6.4031242374328485
10 6 6.082762530298219
10 7 15.264337522473747
10 8 14.317821063276353
10 9 17.69180601295413
10 10 0.0
10 11 1.0
10 12 13.601470508735444
10 13 10.04987562112089
10 14 14.866068747318506
10 15 15.231546211727817
10 16 11.704699910719626
10 17 11.661903789690601
10 18 10.44030650891055
11 1 7.0
11 2 10.44030650891055
11 3 3.1622776601683795
11 4 5.385164807134504
11 5 5.830951894845301
11 6 5.0990195135927845
11 7 14.422205101855956
11 8 13.341664064126334
11 9 17.029386365926403
11 10 1.0
11 11 0.0
11 12 12.806248474865697
11 13 9.055385138137417
11 14 14.212670403551895
11 15 14.317821063276353
11 16 10.770329614269007
11 17 11.180339887498949
11 18 9.486832980505138
12 1 10.04987562112089
12 2 7.280109889280518
12 3 15.556349186104045
12 4 12.36931687685298
12 5 14.7648230602334
12 6 10.295630140987
12 7 2.0
12 8 11.40175425099138
12 9 5.0990195135927845
12 10 13.601470508735444
12 11 12.806248474865697
12 12 0.0
12 13 9.055385138137417
12 14 3.1622776601683795
12 15 3.605551275463989
12 16 4.0
12 17 5.385164807134504
12 18 5.0990195135927845
13 1 12.041594578792296
13 2 12.529964086141668
13 3 10.198039027185569
13 4 12.529964086141668
13 5 7.211102550927978
13 6 4.0
13 7 9.486832980505138
13 8 4.47213595499958
13 9 14.142135623730951
13 10 10.04987562112089
13 11 9.055385138137417
13 12 9.055385138137417
13 13 0.0
13 14 12.0
13 15 8.06225774829855
13 16 5.0990195135927845
13 17 11.704699910719626
13 18 4.0
14 1 9.848857801796104
14 2 6.082762530298219
14 3 17.204650534085253
14 4 12.529964086141668
14 5 17.08800749063506
14 6 12.649110640673518
14 7 4.242640687119285
14 8 14.560219778561036
14 9 2.8284271247461903
14 10 14.866068747318506
14 11 14.212670403551895
14 12 3.1622776601683795
14 13 12.0
14 14 0.0
14 15 6.4031242374328485
14 16 7.0710678118654755
14 17 4.123105625617661
14 18 8.0
15 1 13.038404810405298
15 2 10.770329614269007
15 3 16.64331697709324
15 4 15.033296378372908
15 5 14.866068747318506
15 6 10.63014581273465
15 7 2.23606797749979
15 8 9.0
15 9 7.280109889280518
15 10 15.231546211727817
15 11 14.317821063276353
15 12 3.605551275463989
15 13 8.06225774829855
15 14 6.4031242374328485
15 15 0.0
15 16 3.605551275463989
15 17 8.94427190999916
15 18 5.0
16 1 10.44030650891055
16 2 9.219544457292887
16 3 13.038404810405298
16 4 12.041594578792296
16 5 11.40175425099138
16 6 7.0710678118654755
16 7 4.47213595499958
16 8 7.615773105863909
16 9 9.055385138137417
16 10 11.704699910719626
16 11 10.770329614269007
16 12 4.0
16 13 5.0990195135927845
16 14 7.0710678118654755
16 15 3.605551275463989
16 16 0.0
16 17 7.810249675906654
16 18 1.4142135623730951
17 1 5.830951894845301
17 2 2.0
17 3 14.317821063276353
17 4 8.602325267042627
17 5 15.132745950421556
17 6 11.0
17 7 7.280109889280518
17 8 15.264337522473747
17 9 6.708203932499369
17 10 11.661903789690601
17 11 11.180339887498949
17 12 5.385164807134504
17 13 11.704699910719626
17 14 4.123105625617661
17 15 8.94427190999916
17 16 7.810249675906654
17 17 0.0
17 18 8.06225774829855
18 1 9.848857801796104
18 2 9.219544457292887
18 3 11.661903789690601
18 4 11.180339887498949
18 5 10.0
18 6 5.656854249492381
18 7 5.830951894845301
18 8 7.211102550927978
18 9 10.198039027185569
18 10 10.44030650891055
18 11 9.486832980505138
18 12 5.0990195135927845
18 13 4.0
18 14 8.0
18 15 5.0
18 16 1.4142135623730951
18 17 8.06225774829855
18 18 0.0
