1 1 0.0
1 2 9.486832980505138
1 3 3.0
1 4 7.0710678118654755
1 5 7.810249675906654
1 6 8.246211251235321
1 7 11.045361017187261
1 8 7.615773105863909
1 9 10.04987562112089
1 10 9.486832980505138
1 11 4.242640687119285
1 12 3.1622776601683795
1 13 5.656854249492381
2 1 9.486832980505138
2 2 0.0
2 3 6.708203932499369
2 4 8.94427190999916
2 5 9.848857801796104
2 6 13.038404810405298
2 7 2.8284271247461903
2 8 11.661903789690601
2 9 2.23606797749979
2 10 6.0
2 11 8.48528137423857
2 12 8.0
2 13 5.0990195135927845
3 1 3.0
3 2 6.708203932499369
3 3 0.0
3 4 5.385164807134504
3 5 6.324555320336759
3 6 8.06225774829855
3 7 8.06225774829855
3 8 7.0
3 9 7.0710678118654755
3 10 6.708203932499369
3 11 3.0
3 12 3.605551275463989
3 13 4.123105625617661
4 1 7.0710678118654755
4 2 8.94427190999916
4 3 5.385164807134504
4 4 0.0
4 5 1.0
4 6 4.242640687119285
4 7 8.48528137423857
4 8 2.8284271247461903
4 9 7.810249675906654
4 10 4.47213595499958
4 11 2.8284271247461903
4 12 8.94427190999916
4 13 9.055385138137417
5 1 7.810249675906654
5 2 9.848857801796104
5 3 6.324555320336759
5 4 1.0
5 5 0.0
5 6 3.605551275463989
5 7 9.219544457292887
5 8 2.23606797749979
5 9 8.602325267042627
5 10 5.0
5 11 3.605551275463989
5 12 9.848857801796104
5 13 10.04987562112089
6 1 8.246211251235321
6 2 13.038404810405298
6 3 8.06225774829855
6 4 4.242640687119285
6 5 3.605551275463989
6 6 0.0
6 7 12.727922061357855
6 8 1.4142135623730951
6 9 12.041594578792296
6 10 8.602325267042627
6 11 5.0990195135927845
6 12 11.045361017187261
6 13 12.165525060596439
7 1 11.045361017187261
7 2 2.8284271247461903
7 3 8.06225774829855
7 4 8.48528137423857
7 5 9.219544457292887
7 6 12.727922061357855
7 7 0.0
7 8 11.313708498984761
7 9 1.0
7 10 4.47213595499958
7 11 8.94427190999916
7 12 10.198039027185569
7 13 7.615773105863909
8 1 7.615773105863909
8 2 11.661903789690601
8 3 7.0
8 4 2.8284271247461903
8 5 2.23606797749979
8 6 1.4142135623730951
8 7 11.313708498984761
8 8 0.0
8 9 10.63014581273465
8 10 7.211102550927978
8 11 4.0
8 12 10.198039027185569
8 13 11.045361017187261
9 1 10.04987562112089
9 2 2.23606797749979
9 3 7.0710678118654755
9 4 7.810249675906654
9 5 8.602325267042627
9 6 12.041594578792296
9 7 1.0
9 8 10.63014581273465
9 9 0.0
9 10 4.123105625617661
9 11 8.06225774829855
9 12 9.219544457292887
9 13 6.708203932499369
10 1 9.486832980505138
10 2 6.0
10 3 6.708203932499369
10 4 4.47213595499958
10 5 5.0
10 6 8.602325267042627
10 7 4.47213595499958
10 8 7.211102550927978
10 9 4.123105625617661
10 10 0.0
10 11 6.0
10 12 10.0
10 13 8.602325267042627
11 1 4.242640687119285
11 2 8.48528137423857
11 3 3.0
11 4 2.8284271247461903
11 5 3.605551275463989
11 6 5.0990195135927845
11 7 8.94427190999916
11 8 4.0
11 9 8.06225774829855
11 10 6.0
11 11 0.0
11 12 6.324555320336759
11 13 7.0710678118654755
12 1 3.1622776601683795
12 2 8.0
12 3 3.605551275463989
12 4 8.94427190999916
12 5 9.848857801796104
12 6 11.045361017187261
12 7 10.198039027185569
12 8 10.198039027185569
12 9 9.219544457292887
12 10 10.0
12 11 6.324555320336759
12 12 0.0
12 13 3.1622776601683795
13 1 5.656854249492381
13 2 5.0990195135927845
13 3 4.123105625617661
13 4 9.055385138137417
13 5 10.04987562112089
13 6 12.165525060596439
13 7 7.615773105863909
13 8 11.045361017187261
13 9 6.708203932499369
13 10 8.602325267042627
13 11 7.0710678118654755
13 12 3.1622776601683795
13 13 0.0
