1 1 0.0
1 2 13.92838827718412
1 3 15.652475842498529
1 4 14.866068747318506
1 5 6.0
1 6 10.44030650891055
1 7 12.529964086141668
1 8 4.47213595499958
1 9 4.47213595499958
1 10 4.0
1 11 12.083045973594572
1 12 13.892443989449804
1 13 7.810249675906654
1 14 14.317821063276353
1 15 8.0
1 16 10.0
1 17 6.4031242374328485
1 18 10.770329614269007
1 19 13.892443989449804
1 20 8.48528137423857
2 1 13.92838827718412
2 2 0.0
2 3 2.23606797749979
2 4 6.708203932499369
2 5 17.029386365926403
2 6 11.180339887498949
2 7 2.23606797749979
2 8 9.486832980505138
2 9 11.045361017187261
2 10 13.038404810405298
2 11 10.198039027185569
2 12 2.23606797749979
2 13 21.095023109728988
2 14 11.0
2 15 13.341664064126334
2 16 12.083045973594572
2 17 20.12461179749811
2 18 3.1622776601683795
2 19 12.041594578792296
2 20 7.0710678118654755
3 1 15.652475842498529
3 2 2.23606797749979
3 3 0.0
3 4 5.656854249492381
3 5 19.1049731745428
3 6 11.40175425099138
3 7 3.1622776601683795
3 8 11.180339887498949
3 9 12.36931687685298
3 10 14.317821063276353
3 11 12.36931687685298
3 12 2.0
3 13 23.021728866442675
3 14 13.038404810405298
3 15 14.035668847618199
3 16 14.317821063276353
3 17 21.95449840010015
3 18 5.0
3 19 14.142135623730951
3 20 8.06225774829855
4 1 14.866068747318506
4 2 6.708203932499369
4 3 5.656854249492381
4 4 0.0
4 5 19.72308292331602
4 6 7.0710678118654755
4 7 5.0990195135927845
4 8 10.816653826391969
4 9 10.63014581273465
4 10 12.206555615733702
4 11 16.0312195418814
4 12 4.47213595499958
4 13 22.67156809750927
4 14 17.26267650163207
4 15 10.44030650891055
4 16 17.11724276862369
4 17 21.213203435596427
4 18 7.0
4 19 18.110770276274835
4 20 6.4031242374328485
5 1 6.0
5 2 17.029386365926403
5 3 19.1049731745428
5 4 19.72308292331602
5 5 0.0
5 6 16.278820596099706
5 7 16.278820596099706
5 8 8.94427190999916
5 9 10.198039027185569
5 10 10.0
5 11 11.045361017187261
5 12 17.69180601295413
5 13 5.0
5 14 13.0
5 15 14.0
5 16 8.0
5 17 5.385164807134504
5 18 14.142135623730951
5 19 12.041594578792296
5 20 13.416407864998739
6 1 10.44030650891055
6 2 11.180339887498949
6 3 11.40175425099138
6 4 7.0710678118654755
6 5 16.278820596099706
6 6 0.0
6 7 8.94427190999916
6 8 8.06225774829855
6 9 6.082762530298219
6 10 6.708203932499369
6 11 17.0
6 12 9.486832980505138
6 13 17.88854381999832
6 14 18.867962264113206
6 15 3.605551275463989
6 16 16.76305461424021
6 17 16.1245154965971
6 18 9.219544457292887
6 19 19.235384061671343
6 20 5.0
7 1 12.529964086141668
7 2 2.23606797749979
7 3 3.1622776601683795
7 4 5.0990195135927845
7 5 16.278820596099706
7 6 8.94427190999916
7 7 0.0
7 8 8.06225774829855
7 9 9.219544457292887
7 10 11.180339887498949
7 11 11.0
7 12 1.4142135623730951
7 13 20.0
7 14 12.165525060596439
7 15 11.180339887498949
7 16 12.36931687685298
7 17 18.867962264113206
7 18 2.23606797749979
7 19 13.038404810405298
7 20 5.0
8 1 4.47213595499958
8 2 9.486832980505138
8 3 11.180339887498949
8 4 10.816653826391969
8 5 8.94427190999916
8 6 8.06225774829855
8 7 8.06225774829855
8 8 0.0
8 9 2.8284271247461903
8 10 4.47213595499958
8 11 9.899494936611665
8 12 9.433981132056603
8 13 12.041594578792296
8 14 12.041594578792296
8 15 7.211102550927978
8 16 8.94427190999916
8 17 10.816653826391969
8 18 6.324555320336759
8 19 12.041594578792296
8 20 4.47213595499958
9 1 4.47213595499958
9 2 11.045361017187261
9 3 12.36931687685298
9 4 10.63014581273465
9 5 10.198039027185569
9 6 6.082762530298219
9 7 9.219544457292887
9 8 2.8284271247461903
9 9 0.0
9 10 2.0
9 11 12.727922061357855
9 12 10.44030650891055
9 13 12.206555615733702
9 14 14.866068747318506
9 15 4.47213595499958
9 16 11.661903789690601
9 17 10.63014581273465
9 18 8.0
9 19 14.866068747318506
9 20 4.47213595499958
10 1 4.0
10 2 13.038404810405298
10 3 14.317821063276353
10 4 12.206555615733702
10 5 10.0
10 6 6.708203932499369
10 7 11.180339887498949
10 8 4.47213595499958
10 9 2.0
10 10 0.0
10 11 14.212670403551895
10 12 12.36931687685298
10 13 11.180339887498949
10 14 16.401219466856727
10 15 4.0
10 16 12.806248474865697
10 17 9.433981132056603
10 18 10.0
10 19 16.278820596099706
10 20 6.324555320336759
11 1 12.083045973594572
11 2 10.198039027185569
11 3 12.36931687685298
11 4 16.0312195418814
11 5 11.045361017187261
11 6 17.0
11 7 11.0
11 8 9.899494936611665
11 9 12.727922061357855
11 10 14.212670403551895
11 11 0.0
11 12 12.041594578792296
11 13 16.0312195418814
11 14 2.23606797749979
11 15 17.029386365926403
11 16 3.1622776601683795
11 17 16.0312195418814
11 18 9.055385138137417
11 19 2.23606797749979
11 20 12.083045973594572
12 1 13.892443989449804
12 2 2.23606797749979
12 3 2.0
12 4 4.47213595499958
12 5 17.69180601295413
12 6 9.486832980505138
12 7 1.4142135623730951
12 8 9.433981132056603
12 9 10.44030650891055
12 10 12.36931687685298
12 11 12.041594578792296
12 12 0.0
12 13 21.400934559032695
12 14 13.038404810405298
12 15 12.041594578792296
12 16 13.601470508735444
12 17 20.248456731316587
12 18 3.605551275463989
12 19 14.0
12 20 6.082762530298219
13 1 7.810249675906654
13 2 21.095023109728988
13 3 23.021728866442675
13 4 22.67156809750927
13 5 5.0
13 6 17.88854381999832
13 7 20.0
13 8 12.041594578792296
13 9 12.206555615733702
13 10 11.180339887498949
13 11 16.0312195418814
13 12 21.400934559032695
13 13 0.0
13 14 18.0
13 15 14.866068747318506
13 16 13.0
13 17 2.0
13 18 18.027756377319946
13 19 17.029386365926403
13 20 16.278820596099706
14 1 14.317821063276353
14 2 11.0
14 3 13.038404810405298
14 4 17.26267650163207
14 5 13.0
14 6 18.867962264113206
14 7 12.165525060596439
14 8 12.041594578792296
14 9 14.866068747318506
14 10 16.401219466856727
14 11 2.23606797749979
14 12 13.038404810405298
14 13 18.0
14 14 0.0
14 15 19.1049731745428
14 16 5.0
14 17 18.110770276274835
14 18 10.44030650891055
14 19 1.4142135623730951
14 20 13.892443989449804
15 1 8.0
15 2 13.341664064126334
15 3 14.035668847618199
15 4 10.44030650891055
15 5 14.0
15 6 3.605551275463989
15 7 11.180339887498949
15 8 7.211102550927978
15 9 4.47213595499958
15 10 4.0
15 11 17.029386365926403
15 12 12.041594578792296
15 13 14.866068747318506
15 14 19.1049731745428
15 15 0.0
15 16 16.1245154965971
15 17 13.0
15 18 10.770329614269007
15 19 19.209372712298546
15 20 6.324555320336759
16 1 10.0
16 2 12.083045973594572
16 3 14.317821063276353
16 4 17.11724276862369
16 5 8.0
16 6 16.76305461424021
16 7 12.36931687685298
16 8 8.94427190999916
16 9 11.661903789690601
16 10 12.806248474865697
16 11 3.1622776601683795
16 12 13.601470508735444
16 13 13.0
16 14 5.0
16 15 16.1245154965971
16 16 0.0
16 17 13.152946437965905
16 18 10.198039027185569
16 19 4.123105625617661
16 20 12.165525060596439
17 1 6.4031242374328485
17 2 20.12461179749811
17 3 21.95449840010015
17 4 21.213203435596427
17 5 5.385164807134504
17 6 16.1245154965971
17 7 18.867962264113206
17 8 10.816653826391969
17 9 10.63014581273465
17 10 9.433981132056603
17 11 16.0312195418814
17 12 20.248456731316587
17 13 2.0
17 14 18.110770276274835
17 15 13.0
17 16 13.152946437965905
17 17 0.0
17 18 17.0
17 19 17.26267650163207
17 20 14.866068747318506
18 1 10.770329614269007
18 2 3.1622776601683795
18 3 5.0
18 4 7.0
18 5 14.142135623730951
18 6 9.219544457292887
18 7 2.23606797749979
18 8 6.324555320336759
18 9 8.0
18 10 10.0
18 11 9.055385138137417
18 12 3.605551275463989
18 13 18.027756377319946
18 14 10.44030650891055
18 15 10.770329614269007
18 16 10.198039027185569
18 17 17.0
18 18 0.0
18 19 11.180339887498949
18 20 4.47213595499958
19 1 13.892443989449804
19 2 12.041594578792296
19 3 14.142135623730951
19 4 18.110770276274835
19 5 12.041594578792296
19 6 19.235384061671343
19 7 13.038404810405298
19 8 12.041594578792296
19 9 14.866068747318506
19 10 16.278820596099706
19 11 2.23606797749979
19 12 14.0
19 13 17.029386365926403
19 14 1.4142135623730951
19 15 19.209372712298546
19 16 4.123105625617661
19 17 17.26267650163207
19 18 11.180339887498949
19 19 0.0
19 20 14.317821063276353
20 1 8.48528137423857
20 2 7.0710678118654755
20 3 8.06225774829855
20 4 6.4031242374328485
20 5 13.416407864998739
20 6 5.0
20 7 5.0
20 8 4.47213595499958
20 9 4.47213595499958
20 10 6.324555320336759
20 11 12.083045973594572
20 12 6.082762530298219
20 13 16.278820596099706
20 14 13.892443989449804
20 15 6.324555320336759
20 16 12.165525060596439
20 17 14.866068747318506
20 18 4.47213595499958
20 19 14.317821063276353
20 20 0.0
