1 1 0.0
1 2 7.0
1 3 8.602325267042627
1 4 10.0
1 5 4.123105625617661
1 6 13.892443989449804
1 7 2.0
1 8 8.48528137423857
1 9 8.54400374531753
1 10 9.219544457292887
1 11 12.083045973594572
1 12 5.0
1 13 5.0
1 14 11.40175425099138
1 15 15.524174696260024
2 1 7.0
2 2 0.0
2 3 5.0
2 4 3.0
2 5 7.211102550927978
2 6 8.602325267042627
2 7 7.280109889280518
2 8 6.082762530298219
2 9 3.1622776601683795
2 10 2.8284271247461903
2 11 6.4031242374328485
2 12 8.602325267042627
2 13 5.656854249492381
2 14 5.0
2 15 8.94427190999916
3 1 8.602325267042627
3 2 5.0
3 3 0.0
3 4 5.830951894845301
3 5 6.082762530298219
3 6 13.0
3 7 9.899494936611665
3 8 11.045361017187261
3 9 8.06225774829855
3 10 7.280109889280518
3 11 4.0
3 12 12.206555615733702
3 13 4.123105625617661
3 14 8.94427190999916
3 15 12.041594578792296
4 1 10.0
4 2 3.0
4 3 5.830951894845301
4 4 0.0
4 5 9.848857801796104
4 6 7.280109889280518
4 7 10.198039027185569
4 8 7.211102550927978
4 9 3.605551275463989
4 10 2.23606797749979
4 11 5.0990195135927845
4 12 11.180339887498949
4 13 8.06225774829855
4 14 3.1622776601683795
4 15 6.4031242374328485
5 1 4.123105625617661
5 2 7.211102550927978
5 3 6.082762530298219
5 4 9.848857801796104
5 5 0.0
5 6 15.556349186104045
5 7 6.082762530298219
5 8 11.180339887498949
5 9 9.899494936611665
5 10 10.0
5 11 10.04987562112089
5 12 9.055385138137417
5 13 2.0
5 14 12.206555615733702
5 15 16.1245154965971
6 1 13.892443989449804
6 2 8.602325267042627
6 3 13.0
6 4 7.280109889280518
6 5 15.556349186104045
6 6 0.0
6 7 13.0
6 8 6.082762530298219
6 9 5.656854249492381
6 10 5.830951894845301
6 11 12.041594578792296
6 12 12.165525060596439
6 13 14.212670403551895
6 14 4.123105625617661
6 15 4.242640687119285
7 1 2.0
7 2 7.280109889280518
7 3 9.899494936611665
7 4 10.198039027185569
7 5 6.082762530298219
7 6 13.0
7 7 0.0
7 8 7.211102550927978
7 9 8.06225774829855
7 10 9.0
7 11 13.038404810405298
7 12 3.0
7 13 6.708203932499369
7 14 11.045361017187261
7 15 15.132745950421556
8 1 8.48528137423857
8 2 6.082762530298219
8 3 11.045361017187261
8 4 7.211102550927978
8 5 11.180339887498949
8 6 6.082762530298219
8 7 7.211102550927978
8 8 0.0
8 9 3.605551275463989
8 10 5.0
8 11 12.083045973594572
8 12 6.082762530298219
8 13 10.44030650891055
8 14 5.830951894845301
8 15 9.219544457292887
9 1 8.54400374531753
9 2 3.1622776601683795
9 3 8.06225774829855
9 4 3.605551275463989
9 5 9.899494936611665
9 6 5.656854249492381
9 7 8.06225774829855
9 8 3.605551275463989
9 9 0.0
9 10 1.4142135623730951
9 11 8.54400374531753
9 12 8.246211251235321
9 13 8.602325267042627
9 14 3.0
9 15 7.0710678118654755
10 1 9.219544457292887
10 2 2.8284271247461903
10 3 7.280109889280518
10 4 2.23606797749979
10 5 10.0
10 6 5.830951894845301
10 7 9.0
10 8 5.0
10 9 1.4142135623730951
10 10 0.0
10 11 7.280109889280518
10 12 9.486832980505138
10 13 8.48528137423857
10 14 2.23606797749979
10 15 6.324555320336759
11 1 12.083045973594572
11 2 6.4031242374328485
11 3 4.0
11 4 5.0990195135927845
11 5 10.04987562112089
11 6 12.041594578792296
11 7 13.038404810405298
11 8 12.083045973594572
11 9 8.54400374531753
11 10 7.280109889280518
11 11 0.0
11 12 14.866068747318506
11 13 8.06225774829855
11 14 8.0
11 15 9.848857801796104
12 1 5.0
12 2 8.602325267042627
12 3 12.206555615733702
12 4 11.180339887498949
12 5 9.055385138137417
12 6 12.165525060596439
12 7 3.0
12 8 6.082762530298219
12 9 8.246211251235321
12 10 9.486832980505138
12 11 14.866068747318506
12 12 0.0
12 13 9.486832980505138
12 14 11.180339887498949
12 15 15.033296378372908
13 1 5.0
13 2 5.656854249492381
13 3 4.123105625617661
13 4 8.06225774829855
13 5 2.0
13 6 14.212670403551895
13 7 6.708203932499369
13 8 10.44030650891055
13 9 8.602325267042627
13 10 8.48528137423857
13 11 8.06225774829855
13 12 9.486832980505138
13 13 0.0
13 14 10.63014581273465
13 15 14.422205101855956
14 1 11.40175425099138
14 2 5.0
14 3 8.94427190999916
14 4 3.1622776601683795
14 5 12.206555615733702
14 6 4.123105625617661
14 7 11.045361017187261
14 8 5.830951894845301
14 9 3.0
14 10 2.23606797749979
14 11 8.0
14 12 11.180339887498949
14 13 10.63014581273465
14 14 0.0
14 15 4.123105625617661
15 1 15.524174696260024
15 2 8.94427190999916
15 3 12.041594578792296
15 4 6.4031242374328485
15 5 16.1245154965971
15 6 4.242640687119285
15 7 15.132745950421556
15 8 9.219544457292887
15 9 7.0710678118654755
15 10 6.324555320336759
15 11 9.848857801796104
15 12 15.033296378372908
15 13 14.422205101855956
15 14 4.123105625617661
15 15 0.0
