1 1 0.0
1 2 26.076809620810597
1 3 32.28002478313795
1 4 36.22154055254967
1 5 25.495097567963924
1 6 30.805843601498726
1 7 24.515301344262525
1 8 30.610455730027933
1 9 25.495097567963924
1 10 13.341664064126334
1 11 24.515301344262525
1 12 17.4928556845359
1 13 24.08318915758459
1 14 7.0710678118654755
1 15 47.43416490252569
1 16 35.73513677041127
1 17 29.274562336608895
1 18 25.96150997149434
1 19 36.138621999185304
1 20 54.56189146281496
1 21 40.718546143004666
1 22 23.40939982143925
1 23 12.206555615733702
1 24 31.240998703626616
1 25 23.706539182259394
1 26 34.0
1 27 29.68164415931166
1 28 47.265209192385896
1 29 52.630789467763066
1 30 14.142135623730951
1 31 20.615528128088304
1 32 32.202484376209235
1 33 33.37663853655727
1 34 39.56008088970496
1 35 11.661903789690601
1 36 20.615528128088304
1 37 19.235384061671343
1 38 5.0
1 39 5.385164807134504
1 40 27.018512172212592
1 41 19.026297590440446
1 42 16.0312195418814
1 43 26.570660511172846
1 44 34.713109915419565
1 45 31.304951684997057
1 46 35.84689665786984
1 47 44.721359549995796
1 48 33.24154027718932
1 49 7.280109889280518
1 50 12.041594578792296
1 51 7.211102550927978
1 52 38.3275357934736
1 53 13.038404810405298
1 54 41.773197148410844
1 55 24.331050121192877
1 56 11.180339887498949
1 57 47.16990566028302
1 58 37.12142238654117
1 59 39.59797974644666
1 60 25.495097567963924
2 1 26.076809620810597
2 2 0.0
2 3 53.23532661682466
2 4 34.058772731852805
2 5 20.248456731316587
2 6 5.0
2 7 19.1049731745428
2 8 10.44030650891055
2 9 41.10960958218893
2 10 25.019992006393608
2 11 19.72308292331602
2 12 31.016124838541646
2 13 38.2099463490856
2 14 32.64965543462902
2 15 31.78049716414141
2 16 56.08029957123981
2 17 30.01666203960727
2 18 51.478150704935004
2 19 57.21887800367987
2 20 57.8013840664737
2 21 23.53720459187964
2 22 49.193495504995376
2 23 24.186773244895647
2 24 10.198039027185569
2 25 25.019992006393608
2 26 57.723478758647246
2 27 39.56008088970496
2 28 37.12142238654117
2 29 61.26989472816156
2 30 39.395431207184416
2 31 35.05709628591621
2 32 42.720018726587654
2 33 55.731499172371095
2 34 24.351591323771842
2 35 28.844410203711913
2 36 9.219544457292887
2 37 25.495097567963924
2 38 31.064449134018133
2 39 20.808652046684813
2 40 43.104524124504614
2 41 43.01162633521314
2 42 23.08679276123039
2 43 5.830951894845301
2 44 25.0
2 45 50.0
2 46 17.46424919657298
2 47 49.39635614091387
2 48 10.04987562112089
2 49 19.209372712298546
2 50 21.095023109728988
2 51 24.08318915758459
2 52 36.124783736376884
2 53 37.33630940518894
2 54 52.81098370604357
2 55 18.110770276274835
2 56 20.223748416156685
2 57 37.589892258425
2 58 43.382023926967726
2 59 51.92301994298868
2 60 50.695167422546305
3 1 32.28002478313795
3 2 53.23532661682466
3 3 0.0
3 4 38.18376618407357
3 5 39.395431207184416
3 6 56.71860364994893
3 7 56.753854494650845
3 8 52.20153254455275
3 9 14.422205101855956
3 10 28.284271247461902
3 11 39.0
3 12 22.80350850198276
3 13 17.4928556845359
3 14 26.0
3 15 58.412327466040935
3 16 3.605551275463989
3 17 33.60059523282288
3 18 17.08800749063506
3 19 4.0
3 20 40.607881008493905
3 21 55.569775957799216
3 22 19.235384061671343
3 23 44.01136216933077
3 24 53.16013544000805
3 25 55.71355310873648
3 26 9.486832980505138
3 27 21.93171219946131
3 28 52.3450093132096
3 29 32.0624390837628
3 30 20.248456731316587
3 31 19.313207915827967
3 32 20.808652046684813
3 33 4.47213595499958
3 34 53.0
3 35 41.593268686170845
3 36 51.15662224971465
3 37 29.732137494637012
3 38 29.546573405388315
3 39 36.6742416417845
3 40 12.806248474865697
3 41 14.422205101855956
3 42 30.805843601498726
3 43 56.0
3 44 45.48626166217664
3 45 5.830951894845301
3 46 53.71219600798314
3 47 32.89376840679705
3 48 56.04462507680822
3 49 38.63935817272331
3 50 32.14031735997639
3 51 39.21734310225516
3 52 38.948684188300895
3 53 19.697715603592208
3 54 22.20360331117452
3 55 56.515484603779164
3 56 33.06055050963308
3 57 51.66236541235796
3 58 27.784887978899608
3 59 19.235384061671343
3 60 15.231546211727817
4 1 36.22154055254967
4 2 34.058772731852805
4 3 38.18376618407357
4 4 0.0
4 5 14.212670403551895
4 6 34.132096331752024
4 7 49.64876634922564
4 8 25.942243542145693
4 9 24.20743687382041
4 10 23.021728866442675
4 11 15.0
4 12 21.587033144922902
4 13 21.633307652783937
4 14 37.12142238654117
4 15 21.02379604162864
4 16 39.05124837953327
4 17 7.0
4 18 47.853944456021594
4 19 41.10960958218893
4 20 23.853720883753127
4 21 21.02379604162864
4 22 47.53945729601885
4 23 45.221676218380054
4 24 26.832815729997478
4 25 53.23532661682466
4 26 46.861498055439924
4 27 16.278820596099706
4 28 14.212670403551895
4 29 29.427877939124322
4 30 39.293765408777
4 31 21.93171219946131
4 32 18.027756377319946
4 33 42.44997055358225
4 34 18.027756377319946
4 35 47.07440918375928
4 36 39.20459156782532
4 37 17.029386365926403
4 38 39.0
4 39 35.17101079013795
4 40 25.495097567963924
4 41 38.07886552931954
4 42 20.223748416156685
4 43 39.6232255123179
4 44 11.180339887498949
4 45 32.55764119219941
4 46 22.561028345356956
4 47 16.492422502470642
4 48 29.546573405388315
4 49 35.73513677041127
4 50 24.515301344262525
4 51 41.23105625617661
4 52 2.23606797749979
4 53 36.138621999185304
4 54 24.515301344262525
4 55 48.82622246293481
4 56 25.709920264364882
4 57 13.601470508735444
4 58 13.341664064126334
4 59 25.298221281347036
4 60 46.06517122512408
5 1 25.495097567963924
5 2 20.248456731316587
5 3 39.395431207184416
5 4 14.212670403551895
5 5 0.0
5 6 21.18962010041709
5 7 35.510561809129406
5 8 14.035668847618199
5 9 25.298221281347036
5 10 14.422205101855956
5 11 1.0
5 12 17.204650534085253
5 13 22.135943621178654
5 14 28.635642126552707
5 15 22.360679774997898
5 16 41.43669871020132
5 17 9.848857801796104
5 18 43.86342439892262
5 19 43.08131845707603
5 20 37.64306044943742
5 21 16.97056274847714
5 22 42.638011210655684
5 23 32.38826948140329
5 24 15.033296378372908
5 25 39.395431207184416
5 26 46.32493928760188
5 27 21.0
5 28 22.0
5 29 41.23105625617661
5 30 33.015148038438355
5 31 20.12461179749811
5 32 24.020824298928627
5 33 42.941821107167776
5 34 15.0
5 35 35.014282800023196
5 36 25.0
5 37 10.0
5 38 29.410882339705484
5 39 23.0
5 40 27.202941017470888
5 41 33.94112549695428
5 42 10.816653826391969
5 43 25.612496949731394
5 44 9.219544457292887
5 45 34.785054261852174
5 46 14.317821063276353
5 47 29.154759474226502
5 48 18.027756377319946
5 49 23.08679276123039
5 50 13.601470508735444
5 51 29.017236257093817
5 52 16.401219466856727
5 53 30.0
5 54 33.54101966249684
5 55 34.66987164671943
5 56 14.317821063276353
5 57 22.02271554554524
5 58 23.40939982143925
5 59 33.13608305156178
5 60 42.42640687119285
6 1 30.805843601498726
6 2 5.0
6 3 56.71860364994893
6 4 34.132096331752024
6 5 21.18962010041709
6 6 0.0
6 7 23.021728866442675
6 8 8.48528137423857
6 9 44.01136216933077
6 10 28.442925306655784
6 11 20.8806130178211
6 12 34.132096331752024
6 13 41.0
6 14 37.21558813185679
6 15 28.792360097775937
6 16 59.413803110051795
6 17 31.016124838541646
6 18 55.90169943749474
6 19 60.67124524847005
6 20 57.982756057296896
6 21 20.615528128088304
6 22 53.71219600798314
6 23 29.154759474226502
6 24 7.810249675906654
6 25 29.274562336608895
6 26 61.68468205316454
6 27 41.593268686170845
6 28 35.22782990761707
6 29 62.39390995922599
6 30 43.829214001622255
6 31 38.05259518088089
6 32 44.721359549995796
6 33 59.43904440685432
6 34 21.95449840010015
6 35 33.83784863137726
6 36 13.92838827718412
6 37 28.0178514522438
6 38 35.805027579936315
6 39 25.612496949731394
6 40 46.010868281309364
6 41 47.16990566028302
6 42 26.076809620810597
6 43 9.0
6 44 24.08318915758459
6 45 53.150729063673246
6 46 14.7648230602334
6 47 50.08991914547278
6 48 6.324555320336759
6 49 24.08318915758459
6 50 24.73863375370596
6 51 29.068883707497267
6 52 36.05551275463989
6 53 41.6293165929973
6 54 54.57105459856901
6 55 22.02271554554524
6 56 24.041630560342615
6 57 35.805027579936315
6 58 44.598206241955516
6 59 53.9351462406472
6 60 55.036351623268054
7 1 24.515301344262525
7 2 19.1049731745428
7 3 56.753854494650845
7 4 49.64876634922564
7 5 35.510561809129406
7 6 23.021728866442675
7 7 0.0
7 8 29.427877939124322
7 9 48.30113870293329
7 10 32.449961479175904
7 11 34.66987164671943
7 12 38.58756276314948
7 13 46.14108798023731
7 14 31.25699921617557
7 15 50.80354318352215
7 16 60.166435825965294
7 17 44.04543109109048
7 18 49.040799340956916
7 19 60.63827174318213
7 20 72.24956747275377
7 21 42.579337712087536
7 22 46.09772228646444
7 23 14.142135623730951
7 24 29.274562336608895
7 25 6.708203932499369
7 26 58.215118311311535
7 27 50.0
7 28 55.362442142665635
7 29 73.24616030891995
7 30 38.118237105091836
7 31 42.5440947723653
7 32 53.009433122794285
7 33 57.87054518492115
7 34 43.174066289845804
7 35 18.681541692269406
7 36 10.770329614269007
7 37 36.124783736376884
7 38 28.071337695236398
7 39 20.248456731316587
7 40 50.08991914547278
7 41 43.41658669218482
7 42 32.64965543462902
7 43 14.035668847618199
7 44 42.5440947723653
7 45 55.362442142665635
7 46 36.49657518178932
7 47 62.93647591023825
7 48 29.017236257093817
7 49 18.384776310850235
7 50 28.600699292150182
7 51 18.027756377319946
7 52 51.86520991955976
7 53 37.48332962798263
7 54 63.245553203367585
7 55 1.0
7 56 27.202941017470888
7 57 55.71355310873648
7 58 55.90169943749474
7 59 61.587336360651285
7 60 49.0
8 1 30.610455730027933
8 2 10.44030650891055
8 3 52.20153254455275
8 4 25.942243542145693
8 5 14.035668847618199
8 6 8.48528137423857
8 7 29.427877939124322
8 8 0.0
8 9 38.63935817272331
8 10 24.596747752497688
8 11 14.0
8 12 29.410882339705484
8 13 35.510561809129406
8 14 36.069377593742864
8 15 21.37755832643195
8 16 54.57105459856901
8 17 23.53720459187964
8 18 53.823786563191554
8 19 56.04462507680822
8 20 49.73932046178355
8 21 13.152946437965905
8 22 52.009614495783374
8 23 32.28002478313795
8 24 1.0
8 25 35.05709628591621
8 26 58.180752831155424
8 27 35.014282800023196
8 28 26.92582403567252
8 29 54.70831746635972
8 30 42.01190307520001
8 31 32.984845004941285
8 32 38.05259518088089
8 33 55.362442142665635
8 34 13.92838827718412
8 35 36.40054944640259
8 36 19.026297590440446
8 37 22.561028345356956
8 38 35.4682957019364
8 39 26.076809620810597
8 40 40.607881008493905
8 41 44.41846462902562
8 42 21.540659228538015
8 43 16.15549442140351
8 44 15.620499351813308
8 45 48.05205510693585
8 46 7.0710678118654755
8 47 42.15447781671598
8 48 4.0
8 49 25.059928172283335
8 50 21.633307652783937
8 51 30.870698080866262
8 52 27.784887978899608
8 53 39.408120990476064
8 54 47.51841748206689
8 55 28.442925306655784
8 56 21.400934559032695
8 57 27.459060435491963
8 58 37.107950630558946
8 59 47.16990566028302
8 60 52.69724850502159
9 1 25.495097567963924
9 2 41.10960958218893
9 3 14.422205101855956
9 4 24.20743687382041
9 5 25.298221281347036
9 6 44.01136216933077
9 7 48.30113870293329
9 8 38.63935817272331
9 9 0.0
9 10 16.492422502470642
9 11 25.0
9 12 10.198039027185569
9 13 3.1622776601683795
9 14 21.633307652783937
9 15 44.04543109109048
9 16 16.15549442140351
9 17 19.209372712298546
9 18 24.73863375370596
9 19 17.88854381999832
9 20 32.38826948140329
9 21 41.182520563948
9 22 25.179356624028344
9 23 37.64306044943742
9 24 39.6232255123179
9 25 48.82622246293481
9 26 22.67156809750927
9 27 8.54400374531753
9 28 38.41874542459709
9 29 27.784887978899608
9 30 19.6468827043885
9 31 6.082762530298219
9 32 9.0
9 33 18.439088914585774
9 34 38.58756276314948
9 35 36.796738985948195
9 36 40.80441152620633
9 37 16.1245154965971
9 38 25.0
9 39 28.30194339616981
9 40 2.0
9 41 16.0
9 42 18.027756377319946
9 43 44.721359549995796
9 44 31.064449134018133
9 45 9.486832980505138
9 46 39.56008088970496
9 47 23.021728866442675
9 48 42.579337712087536
9 49 30.01666203960727
9 50 20.615528128088304
9 51 32.64965543462902
9 52 25.238858928247925
9 53 17.08800749063506
9 54 16.64331697709324
9 55 47.853944456021594
9 56 21.840329667841555
9 57 37.8021163428716
9 58 16.1245154965971
9 59 14.212670403551895
9 60 22.80350850198276
10 1 13.341664064126334
10 2 25.019992006393608
10 3 28.284271247461902
10 4 23.021728866442675
10 5 14.422205101855956
10 6 28.442925306655784
10 7 32.449961479175904
10 8 24.596747752497688
10 9 16.492422502470642
10 10 0.0
10 11 13.601470508735444
10 12 6.324555320336759
10 13 13.92838827718412
10 14 14.560219778561036
10 15 36.71511950137164
10 16 31.064449134018133
10 17 16.0312195418814
10 18 29.732137494637012
10 19 32.2490309931942
10 20 41.677331968349414
10 21 31.240998703626616
10 22 28.319604517012593
10 23 23.853720883753127
10 24 25.495097567963924
10 25 33.94112549695428
10 26 33.61547262794322
10 27 17.69180601295413
10 28 34.92849839314596
10 29 41.036569057366385
10 30 18.601075237738275
10 31 10.44030650891055
10 32 20.615528128088304
10 33 31.04834939252005
10 34 29.410882339705484
10 35 24.698178070456937
10 36 24.351591323771842
10 37 6.0
10 38 16.0312195418814
10 39 13.601470508735444
10 40 18.439088914585774
10 41 20.0
10 42 3.605551275463989
10 43 28.284271247461902
10 44 23.259406699226016
10 45 25.019992006393608
10 46 27.65863337187866
10 47 31.906112267087632
10 48 28.231188426986208
10 49 14.866068747318506
10 50 4.123105625617661
10 51 19.235384061671343
10 52 25.079872407968907
10 53 15.620499351813308
10 54 30.805843601498726
10 55 31.906112267087632
10 56 5.385164807134504
10 57 34.713109915419565
10 58 24.413111231467404
10 59 29.154759474226502
10 60 28.42534080710379
11 1 24.515301344262525
11 2 19.72308292331602
11 3 39.0
11 4 15.0
11 5 1.0
11 6 20.8806130178211
11 7 34.66987164671943
11 8 14.0
11 9 25.0
11 10 13.601470508735444
11 11 0.0
11 12 16.64331697709324
11 13 21.840329667841555
11 14 27.730849247724095
11 15 23.259406699226016
11 16 41.10960958218893
11 17 10.295630140987
11 18 43.139309220245984
11 19 42.720018726587654
11 20 38.28837943815329
11 21 17.69180601295413
11 22 41.86884283091664
11 23 31.400636936215164
11 24 15.0
11 25 38.48376280978771
11 26 45.79301256742124
11 27 21.02379604162864
11 28 23.0
11 29 41.6293165929973
11 30 32.202484376209235
11 31 19.697715603592208
11 32 24.08318915758459
11 33 42.485291572496
11 34 15.811388300841896
11 35 34.0147027033899
11 36 24.20743687382041
11 37 9.433981132056603
11 38 28.460498941515414
11 39 22.0
11 40 26.92582403567252
11 41 33.24154027718932
11 42 10.0
11 43 25.0
11 44 10.198039027185569
11 45 34.48187929913333
11 46 14.7648230602334
11 47 29.68164415931166
11 48 18.0
11 49 22.090722034374522
11 50 12.649110640673518
11 51 28.0178514522438
11 52 17.204650534085253
11 53 29.206163733020468
11 54 33.734255586866
11 55 33.83784863137726
11 56 13.341664064126334
11 57 23.021728866442675
11 58 23.769728648009426
11 59 33.24154027718932
11 60 41.72529209005013
12 1 17.4928556845359
12 2 31.016124838541646
12 3 22.80350850198276
12 4 21.587033144922902
12 5 17.204650534085253
12 6 34.132096331752024
12 7 38.58756276314948
12 8 29.410882339705484
12 9 10.198039027185569
12 10 6.324555320336759
12 11 16.64331697709324
12 12 0.0
12 13 7.615773105863909
12 14 16.1245154965971
12 15 38.41874542459709
12 16 25.317977802344327
12 17 14.866068747318506
12 18 27.202941017470888
12 19 26.68332812825267
12 20 37.16180835212409
12 21 34.058772731852805
12 22 26.419689627245813
12 23 29.068883707497267
12 24 30.364452901377952
12 25 39.698866482558415
12 26 29.154759474226502
12 27 12.206555615733702
12 28 34.92849839314596
12 29 35.38361202590826
12 30 17.72004514666935
12 31 4.123105625617661
12 32 14.866068747318506
12 33 26.0
12 34 31.827660925679098
12 35 29.154759474226502
12 36 30.675723300355934
12 37 7.211102550927978
12 38 18.681541692269406
12 39 19.1049731745428
12 40 12.165525060596439
12 41 17.204650534085253
12 42 8.06225774829855
12 43 34.52535300326414
12 44 24.839484696748443
12 45 19.026297590440446
12 46 31.38470965295043
12 47 27.313000567495326
12 48 33.24154027718932
12 49 20.615528128088304
12 50 10.44030650891055
12 51 24.20743687382041
12 52 23.345235059857504
12 53 14.560219778561036
12 54 24.839484696748443
12 55 38.07886552931954
12 56 11.704699910719626
12 57 34.539832078341085
12 58 19.697715603592208
12 59 23.021728866442675
12 60 25.612496949731394
13 1 24.08318915758459
13 2 38.2099463490856
13 3 17.4928556845359
13 4 21.633307652783937
13 5 22.135943621178654
13 6 41.0
13 7 46.14108798023731
13 8 35.510561809129406
13 9 3.1622776601683795
13 10 13.92838827718412
13 11 21.840329667841555
13 12 7.615773105863909
13 13 0.0
13 14 21.02379604162864
13 15 41.10960958218893
13 16 19.313207915827967
13 17 16.278820596099706
13 18 26.570660511172846
13 19 21.02379604162864
13 20 32.01562118716424
13 21 38.07886552931954
13 22 26.68332812825267
13 23 36.069377593742864
13 24 36.49657518178932
13 25 47.01063709417264
13 26 25.45584412271571
13 27 7.0
13 28 35.805027579936315
13 29 28.600699292150182
13 30 20.09975124224178
13 31 3.605551275463989
13 32 8.54400374531753
13 33 21.400934559032695
13 34 35.510561809129406
13 35 35.608987629529715
13 36 38.27531841800928
13 37 13.038404810405298
13 38 24.186773244895647
13 39 26.40075756488817
13 40 5.0990195135927845
13 41 17.26267650163207
13 42 15.132745950421556
13 43 41.97618372363071
13 44 28.0178514522438
13 45 12.649110640673518
13 46 36.40054944640259
13 47 22.360679774997898
13 48 39.45883931389772
13 49 28.0178514522438
13 50 18.027756377319946
13 51 31.11269837220809
13 52 22.825424421026653
13 53 17.26267650163207
13 54 17.69180601295413
13 55 45.65084884205331
13 56 19.313207915827967
13 57 35.22782990761707
13 58 15.033296378372908
13 59 15.620499351813308
13 60 24.698178070456937
14 1 7.0710678118654755
14 2 32.64965543462902
14 3 26.0
14 4 37.12142238654117
14 5 28.635642126552707
14 6 37.21558813185679
14 7 31.25699921617557
14 8 36.069377593742864
14 9 21.633307652783937
14 10 14.560219778561036
14 11 27.730849247724095
14 12 16.1245154965971
14 13 21.02379604162864
14 14 0.0
14 15 50.99019513592785
14 16 29.546573405388315
14 17 30.14962686336267
14 18 18.973665961010276
14 19 29.732137494637012
14 20 52.81098370604357
14 21 44.94441010848846
14 22 16.55294535724685
14 23 18.027756377319946
14 24 36.796738985948195
14 25 29.732137494637012
14 26 27.018512172212592
14 27 27.51363298439521
14 28 49.47726750741192
14 29 49.39635614091387
14 30 7.0710678118654755
14 31 18.027756377319946
14 32 29.546573405388315
14 33 26.68332812825267
14 34 43.41658669218482
14 35 15.811388300841896
14 36 27.65863337187866
14 37 20.396078054371138
14 38 3.605551275463989
14 39 12.36931687685298
14 40 22.80350850198276
14 41 12.165525060596439
14 42 18.027756377319946
14 43 33.52610922848042
14 44 37.69615364994153
14 45 25.80697580112788
14 46 40.607881008493905
14 47 43.01162633521314
14 48 39.05124837953327
14 49 14.317821063276353
14 50 15.264337522473747
14 51 13.341664064126334
14 52 39.05124837953327
14 53 6.324555320336759
14 54 38.27531841800928
14 55 31.144823004794873
14 56 15.0
14 57 49.24428900898052
14 58 35.4400902933387
14 59 35.805027579936315
14 60 18.439088914585774
15 1 47.43416490252569
15 2 31.78049716414141
15 3 58.412327466040935
15 4 21.02379604162864
15 5 22.360679774997898
15 6 28.792360097775937
15 7 50.80354318352215
15 8 21.37755832643195
15 9 44.04543109109048
15 10 36.71511950137164
15 11 23.259406699226016
15 12 38.41874542459709
15 13 41.10960958218893
15 14 50.99019513592785
15 15 0.0
15 16 59.64059020499378
15 17 24.839484696748443
15 18 65.60487786742691
15 19 61.61168720299745
15 20 39.20459156782532
15 21 8.246211251235321
15 22 64.63745044476924
15 23 52.23983154643591
15 24 21.587033144922902
15 25 56.32051136131489
15 26 66.52818951391959
15 27 36.89173349139343
15 28 10.198039027185569
15 29 48.16637831516918
15 30 55.226805085936306
15 31 40.311288741492746
15 32 38.948684188300895
15 33 62.48199740725323
15 34 8.06225774829855
15 35 55.731499172371095
15 36 40.311288741492746
15 37 31.622776601683793
15 38 51.62363799656123
15 39 44.14748010928823
15 40 45.60701700396552
15 41 55.60575509783138
15 42 33.12099032335839
15 43 37.36308338453881
15 44 13.601470508735444
15 45 53.009433122794285
15 46 14.317821063276353
15 47 35.35533905932738
15 48 22.47220505424423
15 49 43.73785545725808
15 50 35.84689665786984
15 51 49.8196748283246
15 52 21.18962010041709
15 53 52.15361924162119
15 54 45.221676218380054
15 55 49.8196748283246
15 56 36.40054944640259
15 57 11.180339887498949
15 58 34.17601498127012
15 59 46.238512086787566
15 60 64.03124237432849
16 1 35.73513677041127
16 2 56.08029957123981
16 3 3.605551275463989
16 4 39.05124837953327
16 5 41.43669871020132
16 6 59.413803110051795
16 7 60.166435825965294
16 8 54.57105459856901
16 9 16.15549442140351
16 10 31.064449134018133
16 11 41.10960958218893
16 12 25.317977802344327
16 13 19.313207915827967
16 14 29.546573405388315
16 15 59.64059020499378
16 16 0.0
16 17 34.9857113690718
16 18 20.12461179749811
16 19 2.23606797749979
16 20 39.293765408777
16 21 57.245087125446844
16 22 22.47220505424423
16 23 47.53945729601885
16 24 55.54277630799526
16 25 59.23681287847955
16 26 11.0
16 27 22.80350850198276
16 28 53.075418038862395
16 29 30.01666203960727
16 30 23.853720883753127
16 31 21.587033144922902
16 32 21.213203435596427
16 33 6.082762530298219
16 34 54.589376255824725
16 35 45.17742799230607
16 36 54.3323108288245
16 37 32.01562118716424
16 38 33.1058907144937
16 39 40.024992192379
16 40 14.317821063276353
16 41 18.027756377319946
16 42 33.37663853655727
16 43 59.033888572581766
16 44 47.01063709417264
16 45 6.708203932499369
16 46 55.71355310873648
16 47 32.202484376209235
16 48 58.463663928973865
16 49 41.97618372363071
16 50 35.014282800023196
16 51 42.720018726587654
16 52 39.6232255123179
16 53 23.259406699226016
16 54 20.8806130178211
16 55 59.90826320300064
16 56 36.0
16 57 52.3450093132096
16 58 27.80287754891569
16 59 18.027756377319946
16 60 18.35755975068582
17 1 29.274562336608895
17 2 30.01666203960727
17 3 33.60059523282288
17 4 7.0
17 5 9.848857801796104
17 6 31.016124838541646
17 7 44.04543109109048
17 8 23.53720459187964
17 9 19.209372712298546
17 10 16.0312195418814
17 11 10.295630140987
17 12 14.866068747318506
17 13 16.278820596099706
17 14 30.14962686336267
17 15 24.839484696748443
17 16 34.9857113690718
17 17 0.0
17 18 41.677331968349414
17 19 36.89173349139343
17 20 28.284271247461902
17 21 22.47220505424423
17 22 41.14608122288197
17 23 38.62641583165593
17 24 24.515301344262525
17 25 47.16990566028302
17 26 41.72529209005013
17 27 12.649110640673518
17 28 20.12461179749811
17 29 31.38470965295043
17 30 32.57299494980466
17 31 15.811388300841896
17 32 15.297058540778355
17 33 37.64306044943742
17 34 19.697715603592208
17 35 40.26164427839479
17 36 33.94112549695428
17 37 10.04987562112089
17 38 32.0
17 39 28.460498941515414
17 40 20.808652046684813
17 41 31.76476034853718
17 42 13.341664064126334
17 43 35.22782990761707
17 44 12.083045973594572
17 45 28.30194339616981
17 46 22.090722034374522
17 47 19.4164878389476
17 48 27.459060435491963
17 49 29.154759474226502
17 50 17.72004514666935
17 51 34.48187929913333
17 52 9.055385138137417
17 53 29.410882339705484
17 54 24.08318915758459
17 55 43.278170016764804
17 56 18.973665961010276
17 57 19.697715603592208
17 58 13.601470508735444
17 59 24.020824298928627
17 60 39.96248240537617
18 1 25.96150997149434
18 2 51.478150704935004
18 3 17.08800749063506
18 4 47.853944456021594
18 5 43.86342439892262
18 6 55.90169943749474
18 7 49.040799340956916
18 8 53.823786563191554
18 9 24.73863375370596
18 10 29.732137494637012
18 11 43.139309220245984
18 12 27.202941017470888
18 13 26.570660511172846
18 14 18.973665961010276
18 15 65.60487786742691
18 16 20.12461179749811
18 17 41.677331968349414
18 18 0.0
18 19 18.867962264113206
18 20 56.00892785976178
18 21 60.8276253029822
18 22 3.1622776601683795
18 23 35.0
18 24 54.644304369257
18 25 46.17358552246078
18 26 11.40175425099138
18 27 33.24154027718932
18 28 61.773780845922005
18 29 48.662100242385755
18 30 12.083045973594572
18 31 25.942243542145693
18 32 33.54101966249684
18 33 14.422205101855956
18 34 58.7962583843564
18 35 31.144823004794873
18 36 46.57252408878007
18 37 34.058772731852805
18 38 21.37755832643195
18 39 31.32091952673165
18 40 24.331050121192877
18 41 10.0
18 42 33.24154027718932
18 43 52.49761899362675
18 44 52.009614495783374
18 45 21.213203435596427
18 46 57.38466694161429
18 47 47.265209192385896
18 48 57.14017850864661
18 49 33.24154027718932
18 50 32.202484376209235
18 51 31.144823004794873
18 52 49.24428900898052
18 53 14.422205101855956
18 54 38.118237105091836
18 55 49.09175083453431
18 56 32.449961479175904
18 57 61.29437168288782
18 58 40.792156108742276
18 59 35.12833614050059
18 60 2.0
19 1 36.138621999185304
19 2 57.21887800367987
19 3 4.0
19 4 41.10960958218893
19 5 43.08131845707603
19 6 60.67124524847005
19 7 60.63827174318213
19 8 56.04462507680822
19 9 17.88854381999832
19 10 32.2490309931942
19 11 42.720018726587654
19 12 26.68332812825267
19 13 21.02379604162864
19 14 29.732137494637012
19 15 61.61168720299745
19 16 2.23606797749979
19 17 36.89173349139343
19 18 18.867962264113206
19 19 0.0
19 20 41.48493702538308
19 21 59.0592922409336
19 22 21.400934559032695
19 23 47.75981574503821
19 24 57.0087712549569
19 25 59.464274989274024
19 26 9.055385138137417
19 27 24.839484696748443
19 28 55.17245689653489
19 29 32.0624390837628
19 30 23.706539182259394
19 31 23.08679276123039
19 32 23.345235059857504
19 33 4.47213595499958
19 34 56.43580423808985
19 35 45.18849411078001
19 36 55.14526271584895
19 37 33.52610922848042
19 38 33.24154027718932
19 39 40.607881008493905
19 40 16.1245154965971
19 41 17.88854381999832
19 42 34.713109915419565
19 43 60.0
19 44 48.877397639399746
19 45 8.602325267042627
19 46 57.38466694161429
19 47 34.438350715445125
19 48 59.90826320300064
19 49 42.579337712087536
19 50 36.124783736376884
19 51 43.01162633521314
19 52 41.72529209005013
19 53 23.40939982143925
19 54 23.08679276123039
19 55 60.41522986797286
19 56 37.05401462729781
19 57 54.45181356024793
19 58 30.0
19 59 20.248456731316587
19 60 17.204650534085253
20 1 54.56189146281496
20 2 57.8013840664737
20 3 40.607881008493905
20 4 23.853720883753127
20 5 37.64306044943742
20 6 57.982756057296896
20 7 72.24956747275377
20 8 49.73932046178355
20 9 32.38826948140329
20 10 41.677331968349414
20 11 38.28837943815329
20 12 37.16180835212409
20 13 32.01562118716424
20 14 52.81098370604357
20 15 39.20459156782532
20 16 39.293765408777
20 17 28.284271247461902
20 18 56.00892785976178
20 19 41.48493702538308
20 20 0.0
20 21 42.720018726587654
20 22 57.0350769263968
20 23 65.5133574166368
20 24 50.60632371551998
20 25 75.0
20 26 50.00999900019995
20 27 25.298221281347036
20 28 29.068883707497267
20 29 12.041594578792296
20 30 51.97114584074513
20 31 34.785054261852174
20 32 23.53720459187964
20 33 44.91102314577124
20 34 39.84971769034255
20 35 66.18912297349165
20 36 62.22539674441618
20 37 36.61966684720111
20 38 55.71355310873648
20 39 55.226805085936306
20 40 32.14031735997639
20 41 48.25971404805462
20 42 40.22437072223753
20 43 63.25345840347388
20 44 34.438350715445125
20 45 35.22782990761707
20 46 45.69463863518345
20 47 9.848857801796104
20 48 53.23532661682466
20 49 56.302753041036986
20 50 44.654227123532216
20 51 60.90155991434045
20 52 21.95449840010015
20 53 49.24428900898052
20 54 18.439088914585774
20 55 71.50524456289902
20 56 46.04345773288535
20 57 28.071337695236398
20 58 17.46424919657298
20 59 21.37755832643195
20 60 54.00925846556311
21 1 40.718546143004666
21 2 23.53720459187964
21 3 55.569775957799216
21 4 21.02379604162864
21 5 16.97056274847714
21 6 20.615528128088304
21 7 42.579337712087536
21 8 13.152946437965905
21 9 41.182520563948
21 10 31.240998703626616
21 11 17.69180601295413
21 12 34.058772731852805
21 13 38.07886552931954
21 14 44.94441010848846
21 15 8.246211251235321
21 16 57.245087125446844
21 17 22.47220505424423
21 18 60.8276253029822
21 19 59.0592922409336
21 20 42.720018726587654
21 21 0.0
21 22 59.54829972383762
21 23 44.553338819890925
21 24 13.341664064126334
21 25 48.16637831516918
21 26 63.00793600809346
21 27 35.11409973215888
21 28 15.620499351813308
21 29 50.15974481593781
21 30 49.8196748283246
21 31 36.61966684720111
21 32 37.64306044943742
21 33 59.36328831862332
21 34 3.0
21 35 48.27007354458868
21 36 32.14031735997639
21 37 26.90724809414742
21 38 45.17742799230607
21 39 37.0
21 40 42.941821107167776
21 41 50.91168824543142
21 42 27.65863337187866
21 43 29.120439557122072
21 44 10.44030650891055
21 45 50.53711507397311
21 46 6.082762530298219
21 47 37.12142238654117
21 48 14.317821063276353
21 49 36.40054944640259
21 50 29.68164415931166
21 51 42.44997055358225
21 52 22.02271554554524
21 53 46.861498055439924
21 54 45.39823785126467
21 55 41.593268686170845
21 56 30.01666203960727
21 57 16.401219466856727
21 58 34.23448553724738
21 59 45.89117562233506
21 60 59.39696961966999
22 1 23.40939982143925
22 2 49.193495504995376
22 3 19.235384061671343
22 4 47.53945729601885
22 5 42.638011210655684
22 6 53.71219600798314
22 7 46.09772228646444
22 8 52.009614495783374
22 9 25.179356624028344
22 10 28.319604517012593
22 11 41.86884283091664
22 12 26.419689627245813
22 13 26.68332812825267
22 14 16.55294535724685
22 15 64.63745044476924
22 16 22.47220505424423
22 17 41.14608122288197
22 18 3.1622776601683795
22 19 21.400934559032695
22 20 57.0350769263968
22 21 59.54829972383762
22 22 0.0
22 23 32.01562118716424
22 24 52.80151512977634
22 25 43.104524124504614
22 26 14.422205101855956
22 27 33.54101966249684
22 28 61.26989472816156
22 29 50.21951811795888
22 30 10.0
22 31 25.632011235952593
22 32 34.132096331752024
22 33 17.029386365926403
22 34 57.62811813689564
22 35 28.071337695236398
22 36 43.965895873961216
22 37 33.015148038438355
22 38 18.681541692269406
22 39 28.792360097775937
22 40 25.019992006393608
22 41 9.486832980505138
22 42 31.89043743820395
22 43 49.9799959983992
22 44 51.03920062069938
22 45 22.80350850198276
22 46 55.86591089385369
22 47 48.041648597857254
22 48 55.21775076911409
22 49 30.675723300355934
22 50 30.479501308256342
22 51 28.284271247461902
22 52 49.040799340956916
22 53 12.727922061357855
22 54 39.45883931389772
22 55 46.17358552246078
22 56 30.610455730027933
22 57 60.83584469702052
22 58 41.30375285612676
22 59 36.49657518178932
22 60 4.242640687119285
23 1 12.206555615733702
23 2 24.186773244895647
23 3 44.01136216933077
23 4 45.221676218380054
23 5 32.38826948140329
23 6 29.154759474226502
23 7 14.142135623730951
23 8 32.28002478313795
23 9 37.64306044943742
23 10 23.853720883753127
23 11 31.400636936215164
23 12 29.068883707497267
23 13 36.069377593742864
23 14 18.027756377319946
23 15 52.23983154643591
23 16 47.53945729601885
23 17 38.62641583165593
23 18 35.0
23 19 47.75981574503821
23 20 65.5133574166368
23 21 44.553338819890925
23 22 32.01562118716424
23 23 0.0
23 24 32.57299494980466
23 25 11.704699910719626
23 26 44.553338819890925
23 27 41.23105625617661
23 28 54.230987451824994
23 29 64.4437739428721
23 30 24.515301344262525
23 31 32.526911934581186
23 32 43.93176527297759
23 33 44.64302857109943
23 34 44.181444068749045
23 35 5.0
23 36 15.620499351813308
23 37 29.068883707497267
23 38 14.560219778561036
23 39 10.295630140987
23 40 39.20459156782532
23 41 30.083217912982647
23 42 25.495097567963924
23 43 21.93171219946131
23 44 41.10960958218893
23 45 43.41658669218482
23 46 38.8329756778952
23 47 55.758407437802596
23 48 33.61547262794322
23 49 9.486832980505138
23 50 21.02379604162864
23 51 5.0
23 52 47.43416490252569
23 53 24.351591323771842
23 54 53.74011537017761
23 55 14.317821063276353
23 56 19.697715603592208
23 57 54.3323108288245
23 58 48.25971404805462
23 59 51.66236541235796
23 60 35.05709628591621
24 1 31.240998703626616
24 2 10.198039027185569
24 3 53.16013544000805
24 4 26.832815729997478
24 5 15.033296378372908
24 6 7.810249675906654
24 7 29.274562336608895
24 8 1.0
24 9 39.6232255123179
24 10 25.495097567963924
24 11 15.0
24 12 30.364452901377952
24 13 36.49657518178932
24 14 36.796738985948195
24 15 21.587033144922902
24 16 55.54277630799526
24 17 24.515301344262525
24 18 54.644304369257
24 19 57.0087712549569
24 20 50.60632371551998
24 21 13.341664064126334
24 22 52.80151512977634
24 23 32.57299494980466
24 24 0.0
24 25 35.014282800023196
24 26 59.09314681077663
24 27 36.013886210738214
24 28 27.459060435491963
24 29 55.65968020030299
24 30 42.80186911806539
24 31 33.95585369269929
24 32 39.05124837953327
24 33 56.302753041036986
24 34 14.317821063276353
24 35 36.76955262170047
24 36 19.0
24 37 23.53720459187964
24 38 36.124783736376884
24 39 26.627053911388696
24 40 41.593268686170845
24 41 45.27692569068709
24 42 22.47220505424423
24 43 15.811388300841896
24 44 16.401219466856727
24 45 49.03060268852505
24 46 7.280109889280518
24 47 43.08131845707603
24 48 3.0
24 49 25.553864678361276
24 50 22.47220505424423
24 51 31.304951684997057
24 52 28.653097563788805
24 53 40.22437072223753
24 54 48.507731342539614
24 55 28.284271247461902
24 56 22.20360331117452
24 57 28.0178514522438
24 58 38.07886552931954
24 59 48.16637831516918
24 60 53.53503525729669
25 1 23.706539182259394
25 2 25.019992006393608
25 3 55.71355310873648
25 4 53.23532661682466
25 5 39.395431207184416
25 6 29.274562336608895
25 7 6.708203932499369
25 8 35.05709628591621
25 9 48.82622246293481
25 10 33.94112549695428
25 11 38.48376280978771
25 12 39.698866482558415
25 13 47.01063709417264
25 14 29.732137494637012
25 15 56.32051136131489
25 16 59.23681287847955
25 17 47.16990566028302
25 18 46.17358552246078
25 19 59.464274989274024
25 20 75.0
25 21 48.16637831516918
25 22 43.104524124504614
25 23 11.704699910719626
25 24 35.014282800023196
25 25 0.0
25 26 56.089214649520635
25 27 51.62363799656123
25 28 60.166435825965294
25 29 74.96665925596525
25 30 36.138621999185304
25 31 43.41658669218482
25 32 54.48853090330111
25 33 56.32051136131489
25 34 48.507731342539614
25 35 15.033296378372908
25 36 16.0312195418814
25 37 38.41874542459709
25 38 26.248809496813376
25 39 20.615528128088304
25 40 50.47771785649585
25 41 41.7612260356422
25 42 34.828149534535996
25 43 20.396078054371138
25 44 47.12748667179272
25 45 55.00909015790027
25 46 42.1070065428546
25 47 65.43699259593154
25 48 35.05709628591621
25 49 19.1049731745428
25 50 30.479501308256342
25 51 16.55294535724685
25 52 55.47071299343465
25 53 36.05551275463989
25 54 64.53681120105021
25 55 7.615773105863909
25 56 29.068883707497267
25 57 60.440052945046304
25 58 58.137767414994535
25 59 62.625873247404705
25 60 46.389654018972806
26 1 34.0
26 2 57.723478758647246
26 3 9.486832980505138
26 4 46.861498055439924
26 5 46.32493928760188
26 6 61.68468205316454
26 7 58.215118311311535
26 8 58.180752831155424
26 9 22.67156809750927
26 10 33.61547262794322
26 11 45.79301256742124
26 12 29.154759474226502
26 13 25.45584412271571
26 14 27.018512172212592
26 15 66.52818951391959
26 16 11.0
26 17 41.72529209005013
26 18 11.40175425099138
26 19 9.055385138137417
26 20 50.00999900019995
26 21 63.00793600809346
26 22 14.422205101855956
26 23 44.553338819890925
26 24 59.09314681077663
26 25 56.089214649520635
26 26 0.0
26 27 30.805843601498726
26 28 61.07372593840988
26 29 41.012193308819754
26 30 20.09975124224178
26 31 26.40075756488817
26 32 30.01666203960727
26 33 5.0990195135927845
26 34 60.60528029800704
26 35 41.23105625617661
26 36 54.230987451824994
26 37 36.359317925395686
26 38 30.14962686336267
26 39 39.05124837953327
26 40 21.400934559032695
26 41 15.033296378372908
26 42 36.6742416417845
26 43 59.682493245507096
26 44 53.2634959423431
26 45 15.231546211727817
26 46 60.53924347066124
26 47 42.37924020083418
26 48 61.84658438426491
26 49 41.048751503547585
26 50 37.0
26 51 40.19950248448356
26 52 47.80167361086848
26 53 21.02379604162864
26 54 31.575306807693888
26 55 58.137767414994535
26 56 37.64306044943742
26 57 60.440052945046304
26 58 37.12142238654117
26 59 28.635642126552707
26 60 10.295630140987
27 1 29.68164415931166
27 2 39.56008088970496
27 3 21.93171219946131
27 4 16.278820596099706
27 5 21.0
27 6 41.593268686170845
27 7 50.0
27 8 35.014282800023196
27 9 8.54400374531753
27 10 17.69180601295413
27 11 21.02379604162864
27 12 12.206555615733702
27 13 7.0
27 14 27.51363298439521
27 15 36.89173349139343
27 16 22.80350850198276
27 17 12.649110640673518
27 18 33.24154027718932
27 19 24.839484696748443
27 20 25.298221281347036
27 21 35.11409973215888
27 22 33.54101966249684
27 23 41.23105625617661
27 24 36.013886210738214
27 25 51.62363799656123
27 26 30.805843601498726
27 27 0.0
27 28 30.4138126514911
27 29 23.345235059857504
27 30 27.073972741361768
27 31 9.486832980505138
27 32 3.1622776601683795
27 33 26.248809496813376
27 34 32.31098884280702
27 35 41.340053217188775
27 36 41.182520563948
27 37 14.317821063276353
27 38 30.463092423455635
27 39 31.144823004794873
27 40 9.433981132056603
27 41 24.186773244895647
27 42 17.4928556845359
27 43 44.01136216933077
27 44 24.698178070456937
27 45 16.278820596099706
27 46 34.52535300326414
27 47 15.524174696260024
27 48 39.01281840626232
27 49 32.526911934581186
27 50 21.400934559032695
27 51 36.40054944640259
27 52 17.029386365926403
27 53 24.186773244895647
27 54 13.416407864998739
27 55 49.4064773081425
27 56 22.80350850198276
27 57 29.732137494637012
27 58 8.06225774829855
27 59 12.36931687685298
27 60 31.32091952673165
28 1 47.265209192385896
28 2 37.12142238654117
28 3 52.3450093132096
28 4 14.212670403551895
28 5 22.0
28 6 35.22782990761707
28 7 55.362442142665635
28 8 26.92582403567252
28 9 38.41874542459709
28 10 34.92849839314596
28 11 23.0
28 12 34.92849839314596
28 13 35.805027579936315
28 14 49.47726750741192
28 15 10.198039027185569
28 16 53.075418038862395
28 17 20.12461179749811
28 18 61.773780845922005
28 19 55.17245689653489
28 20 29.068883707497267
28 21 15.620499351813308
28 22 61.26989472816156
28 23 54.230987451824994
28 24 27.459060435491963
28 25 60.166435825965294
28 26 61.07372593840988
28 27 30.4138126514911
28 28 0.0
28 29 38.47076812334269
28 30 52.55473337388365
28 31 35.84689665786984
28 32 31.89043743820395
28 33 56.639209034025185
28 34 13.45362404707371
28 35 57.0087712549569
28 36 44.598206241955516
28 37 29.120439557122072
28 38 50.80354318352215
28 39 45.0
28 40 39.698866482558415
28 41 51.884487084291386
28 42 31.575306807693888
28 43 42.941821107167776
28 44 13.152946437965905
28 45 46.66904755831214
28 46 20.615528128088304
28 47 25.96150997149434
28 48 29.206163733020468
28 49 45.044422518220834
28 50 35.22782990761707
28 51 51.0098029794274
28 52 13.45362404707371
28 53 49.39635614091387
28 54 36.6742416417845
28 55 54.42425929675111
28 56 36.124783736376884
28 57 1.0
28 58 26.076809620810597
28 59 38.07886552931954
28 60 60.03332407921454
29 1 52.630789467763066
29 2 61.26989472816156
29 3 32.0624390837628
29 4 29.427877939124322
29 5 41.23105625617661
29 6 62.39390995922599
29 7 73.24616030891995
29 8 54.70831746635972
29 9 27.784887978899608
29 10 41.036569057366385
29 11 41.6293165929973
29 12 35.38361202590826
29 13 28.600699292150182
29 14 49.39635614091387
29 15 48.16637831516918
29 16 30.01666203960727
29 17 31.38470965295043
29 18 48.662100242385755
29 19 32.0624390837628
29 20 12.041594578792296
29 21 50.15974481593781
29 22 50.21951811795888
29 23 64.4437739428721
29 24 55.65968020030299
29 25 74.96665925596525
29 26 41.012193308819754
29 27 23.345235059857504
29 28 38.47076812334269
29 29 0.0
29 30 47.01063709417264
29 31 32.01562118716424
29 32 20.518284528683193
29 33 36.0
29 34 47.16990566028302
29 35 64.20280367709809
29 36 64.07027391856539
29 37 37.20215047547655
29 38 52.69724850502159
29 39 54.45181356024793
29 40 26.832815729997478
29 41 42.37924020083418
29 42 40.607881008493905
29 43 66.24198064671678
29 44 40.607881008493905
29 45 27.459060435491963
29 46 51.97114584074513
29 47 13.038404810405298
29 48 58.52349955359813
29 49 55.86591089385369
29 50 44.68780594300866
29 51 59.54829972383762
29 52 28.160255680657446
29 53 44.721359549995796
29 54 11.180339887498949
29 55 72.62231062146122
29 56 46.09772228646444
29 57 37.48332962798263
29 58 17.88854381999832
29 59 13.92838827718412
