1 1 0.0
1 2 50.60632371551998
1 3 63.0317380372777
1 4 33.13608305156178
1 5 13.0
1 6 79.81227975693966
1 7 24.020824298928627
1 8 48.60041152089147
1 9 25.0
1 10 68.8839603971781
1 11 78.54934754662193
1 12 78.05767098754612
1 13 36.359317925395686
1 14 61.29437168288782
1 15 30.4138126514911
1 16 44.28317965096906
1 17 36.40054944640259
1 18 10.0
1 19 54.91812087098393
1 20 45.27692569068709
1 21 60.41522986797286
1 22 71.16881339463234
1 23 72.3394774656273
1 24 89.05054744357274
1 25 68.46897107449476
1 26 22.47220505424423
1 27 1.0
1 28 75.1065909225016
1 29 24.08318915758459
1 30 43.01162633521314
1 31 47.80167361086848
1 32 62.369864518050704
1 33 63.12685640834652
1 34 28.0178514522438
1 35 17.46424919657298
1 36 64.1248781675256
1 37 23.021728866442675
1 38 64.07027391856539
1 39 51.22499389946279
1 40 76.47875521999558
1 41 9.486832980505138
1 42 11.313708498984761
1 43 69.0
1 44 68.59300255857006
1 45 55.94640292279746
1 46 53.600373133029585
1 47 101.23734488813898
1 48 47.50789408087881
1 49 7.0
1 50 42.42640687119285
1 51 9.219544457292887
1 52 54.3323108288245
1 53 40.85339643163099
1 54 17.08800749063506
1 55 70.71067811865476
1 56 84.09518416651456
1 57 19.313207915827967
1 58 94.64142856064674
1 59 45.617978911828175
1 60 90.0499861188218
1 61 56.08029957123981
1 62 16.76305461424021
1 63 22.561028345356956
1 64 77.20103626247513
1 65 38.62641583165593
1 66 65.21502894272147
1 67 13.038404810405298
1 68 3.605551275463989
1 69 44.77722635447622
1 70 67.06713054842886
1 71 84.71717653463199
1 72 61.91122676865643
1 73 34.539832078341085
1 74 10.816653826391969
1 75 62.00806399170998
1 76 81.93289937503738
1 77 61.40032573203501
1 78 19.849433241279208
1 79 34.20526275297414
1 80 24.041630560342615
1 81 40.311288741492746
1 82 19.026297590440446
1 83 63.51377803280167
1 84 77.4919350642375
1 85 40.0
1 86 62.609903369994115
1 87 70.00714249274856
1 88 72.71863585079137
1 89 59.53990258641679
1 90 38.47076812334269
1 91 62.20128616033595
1 92 55.78530272392541
1 93 74.33034373659252
1 94 70.03570517957252
1 95 63.90618123468183
1 96 77.33692520394123
1 97 33.1058907144937
1 98 62.289646009589745
1 99 75.59100475585703
1 100 74.04052944165107
2 1 50.60632371551998
2 2 0.0
2 3 97.50897394599124
2 4 30.083217912982647
2 5 45.60701700396552
2 6 56.61271941887264
2 7 31.240998703626616
2 8 54.230987451824994
2 9 53.53503525729669
2 10 109.83624174196785
2 11 92.04890004774636
2 12 40.496913462633174
2 13 61.326992425847855
2 14 54.91812087098393
2 15 67.42403132415029
2 16 79.25906888173743
2 17 22.360679774997898
2 18 55.362442142665635
2 19 95.69221493935649
2 20 57.0701322935211
2 21 79.42921376924235
2 22 95.80187889597991
2 23 33.28663395418648
2 24 72.20110802473879
2 25 106.55045753069294
2 26 28.600699292150182
2 27 49.73932046178355
2 28 37.44329045369811
2 29 27.51363298439521
2 30 12.36931687685298
2 31 64.76109943476871
2 32 72.06247289678588
2 33 34.66987164671943
2 34 45.09988913511872
2 35 58.0
2 36 97.57561170702442
2 37 31.89043743820395
2 38 29.732137494637012
2 39 66.09841147864296
2 40 64.62197768561404
2 41 53.2634959423431
2 42 61.587336360651285
2 43 35.35533905932738
2 44 74.10802925459562
2 45 48.507731342539614
2 46 69.05070600652827
2 47 98.03060746521976
2 48 68.96375859826666
2 49 56.79788728465171
2 50 14.866068747318506
2 51 54.037024344425184
2 52 21.470910553583888
2 53 86.31338250816034
2 54 50.80354318352215
2 55 61.68468205316454
2 56 49.4064773081425
2 57 56.72741841473134
2 58 89.19641248391103
2 59 45.09988913511872
2 60 77.82030583337487
2 61 5.656854249492381
2 62 63.89053137985315
2 63 39.11521443121589
2 64 30.14962686336267
2 65 84.17244204607586
2 66 78.23042886243178
2 67 62.64982043070834
2 68 54.20332093147061
2 69 67.67569726275453
2 70 36.235341863986875
2 71 53.81449618829484
2 72 57.706152185014034
2 73 39.84971769034255
2 74 52.49761899362675
2 75 31.622776601683793
2 76 33.13608305156178
2 77 56.71860364994893
2 78 60.207972893961475
2 79 19.4164878389476
2 80 27.65863337187866
2 81 45.89117562233506
2 82 43.41658669218482
2 83 60.67124524847005
2 84 29.017236257093817
2 85 25.317977802344327
2 86 82.56512580987206
2 87 55.154328932550705
2 88 65.52098900352466
2 89 22.67156809750927
2 90 19.924858845171276
2 91 62.289646009589745
2 92 84.50443775329198
2 93 68.41052550594829
2 94 76.10519036176179
2 95 49.64876634922564
2 96 76.48529270389177
2 97 58.215118311311535
2 98 100.34440691936945
2 99 92.43916918709297
2 100 27.294688127912362
3 1 63.0317380372777
3 2 97.50897394599124
3 3 0.0
3 4 67.53517601961218
3 5 76.02631123499285
3 6 85.95929269136641
3 7 67.67569726275453
3 8 50.24937810560445
3 9 44.9221548904324
3 10 18.439088914585774
3 11 39.20459156782532
3 12 100.65783625729296
3 13 36.235341863986875
3 14 62.12889826803627
3 15 33.13608305156178
3 16 19.235384061671343
3 17 94.14881836751856
3 18 69.72087205421343
3 19 15.0
3 20 44.553338819890925
3 21 28.792360097775937
3 22 19.6468827043885
3 23 98.99494936611666
3 24 83.16850365372699
3 25 11.180339887498949
3 26 73.49829930005184
3 27 63.00793600809346
3 28 99.08582138732059
3 29 80.60397012554654
3 30 85.42247947700886
3 31 36.796738985948195
3 32 42.15447781671598
3 33 84.86459803710851
3 34 91.0494371207203
3 35 46.04345773288535
3 36 2.23606797749979
3 37 67.35725647619564
3 38 90.55385138137417
3 39 37.8021163428716
3 40 71.69379331573968
3 41 54.00925846556311
3 42 55.90169943749474
3 43 91.96738552334735
3 44 48.08326112068523
3 45 63.25345840347388
3 46 36.05551275463989
3 47 73.17103251970687
3 48 31.11269837220809
3 49 63.63961030678928
3 50 97.12363255150623
3 51 54.0
3 52 86.40023148117139
3 53 30.23243291566195
3 54 79.40403012442127
3 55 66.64082832618455
3 56 101.01980003939822
3 57 45.27692569068709
3 58 72.11102550927978
3 59 58.05170109479997
3 60 78.10249675906654
3 61 102.85912696499032
3 62 47.51841748206689
3 63 85.05292469985967
3 64 111.39569111954016
3 65 31.38470965295043
3 66 37.36308338453881
3 67 63.788713735268246
3 68 61.204574992397426
3 69 31.240998703626616
3 70 88.45903006477066
3 71 97.09788875150684
3 72 59.682493245507096
3 73 58.309518948453004
3 74 72.44308110509934
3 75 86.27861844049197
3 76 117.92370414806346
3 77 60.207972893961475
3 78 77.87810988975015
3 79 78.39005038906404
3 80 73.08214556237385
3 81 54.20332093147061
3 82 82.00609733428362
3 83 58.180752831155424
3 84 113.85077953180645
3 85 73.57309290766564
3 86 26.92582403567252
3 87 73.06161783043132
3 88 65.0
3 89 91.0494371207203
3 90 77.82673062643708
3 91 54.589376255824725
3 92 15.0
3 93 63.90618123468183
3 94 47.53945729601885
3 95 71.02816342831905
3 96 58.463663928973865
3 97 94.36630754670864
3 98 8.06225774829855
3 99 33.24154027718932
3 100 108.70602559196064
4 1 33.13608305156178
4 2 30.083217912982647
4 3 67.53517601961218
4 4 0.0
4 5 36.6742416417845
4 6 47.53945729601885
4 7 9.848857801796104
4 8 26.68332812825267
4 9 24.758836806279895
4 10 80.60397012554654
4 11 64.4980619863884
4 12 45.39823785126467
4 13 31.304951684997057
4 14 33.421549934136806
4 15 38.897300677553446
4 16 49.64876634922564
4 17 33.83784863137726
4 18 41.97618372363071
4 19 66.70832032063167
4 20 28.0
4 21 50.15974481593781
4 22 66.09841147864296
4 23 40.26164427839479
4 24 58.82176467941097
4 25 76.8505042273634
4 26 16.278820596099706
4 27 32.14031735997639
4 28 42.579337712087536
4 29 24.20743687382041
4 30 17.88854381999832
4 31 35.22782990761707
4 32 44.721359549995796
4 33 30.01666203960727
4 34 46.010868281309364
4 35 32.202484376209235
4 36 67.54257916307313
4 37 10.770329614269007
4 38 31.575306807693888
4 39 37.013511046643494
4 40 47.4236228055175
4 41 30.59411708155671
4 42 41.30375285612676
4 43 36.124783736376884
4 44 48.38388161361178
4 45 26.90724809414742
4 46 40.01249804748511
4 47 77.38862965578342
4 48 39.05124837953327
4 49 40.11234224026316
4 50 33.13608305156178
4 51 31.575306807693888
4 52 22.847319317591726
4 53 59.405386961116584
4 54 43.382023926967726
4 55 42.44997055358225
4 56 51.0098029794274
4 57 30.01666203960727
4 58 69.40461079784254
4 59 18.788294228055936
4 60 61.554853586049575
4 61 35.34119409414458
4 62 40.162171256046406
4 63 37.53664875824692
4 64 48.02082881417188
4 65 57.42821606144492
4 66 50.24937810560445
4 67 46.04345773288535
4 68 36.013886210738214
4 69 37.64306044943742
4 70 34.0
4 71 51.62363799656123
4 72 35.22782990761707
4 73 10.04987562112089
4 74 40.80441152620633
4 75 29.068883707497267
4 76 53.823786563191554
4 77 34.40930106817051
4 78 50.59644256269407
4 79 12.0
4 80 14.142135623730951
4 81 17.11724276862369
4 82 38.8329756778952
4 83 37.73592452822641
4 84 49.4064773081425
4 85 7.615773105863909
4 86 53.23532661682466
4 87 39.408120990476064
4 88 45.45327270945405
4 89 28.231188426986208
4 90 10.295630140987
4 91 38.01315561749642
4 92 54.42425929675111
4 93 47.80167361086848
4 94 50.28916384272063
4 95 33.015148038438355
4 96 53.71219600798314
4 97 57.42821606144492
4 98 70.7248188403477
4 99 64.03124237432849
4 100 44.94441010848846
5 1 13.0
5 2 45.60701700396552
5 3 76.02631123499285
5 4 36.6742416417845
5 5 0.0
5 6 84.17244204607586
5 7 26.832815729997478
5 8 57.3149195236284
5 9 36.24913792078372
5 10 81.58431221748455
5 11 89.89438247187641
5 12 78.63841300535
5 13 47.92702786528704
5 14 68.41052550594829
5 15 43.289721643826724
5 16 57.21887800367987
5 17 27.202941017470888
5 18 10.63014581273465
5 19 67.7421582177598
5 20 55.0
5 21 72.09022125087424
5 22 83.67795408588812
5 23 72.24956747275377
5 24 95.1892851112981
5 25 81.39410298049853
5 26 21.587033144922902
5 27 13.038404810405298
5 28 75.53806987208503
5 29 18.24828759089466
5 30 41.0
5 31 58.66856057549052
5 32 72.67048919609665
5 33 65.25335240430181
5 34 15.033296378372908
5 35 30.265491900843113
5 36 77.10382610480494
5 37 25.942243542145693
5 38 64.77653896280658
5 39 61.91122676865643
5 40 83.23460818673925
5 41 22.20360331117452
5 42 22.47220505424423
5 43 70.21395872616783
5 44 78.40918313565064
5 45 62.42595614005443
5 46 64.4980619863884
5 47 110.39021695784459
5 48 59.09314681077663
5 49 14.7648230602334
5 50 34.48187929913333
5 51 22.090722034374522
5 52 54.45181356024793
5 53 53.16013544000805
5 54 6.708203932499369
5 55 77.80102827083971
5 56 85.70297544426332
5 57 31.78049716414141
5 58 103.24727599312246
5 59 52.630789467763066
5 60 97.20082304178294
5 61 50.59644256269407
5 62 29.427877939124322
5 63 10.295630140987
5 64 74.54528824815154
5 65 50.96076922496363
5 66 76.15773105863909
5 67 19.1049731745428
5 68 15.297058540778355
5 69 56.462376853972415
5 70 68.8839603971781
5 71 87.36131867136622
5 72 69.52697318307479
5 73 41.23105625617661
5 74 7.211102550927978
5 75 63.56099432828282
5 76 78.44743462982075
5 77 68.8839603971781
5 78 15.0
5 79 33.24154027718932
5 80 23.769728648009426
5 81 48.104053883222775
5 82 6.082762530298219
5 83 71.50524456289902
5 84 74.14849964766651
5 85 42.05948168962618
5 86 74.46475676452586
5 87 75.8023746329889
5 88 80.2807573457052
5 89 59.21148537234985
5 90 38.63935817272331
5 91 70.71067811865476
5 92 68.4470598345904
5 93 82.21921916437786
5 94 80.0
5 95 69.46221994724903
5 96 86.31338250816034
5 97 22.02271554554524
5 98 75.23961722390672
5 99 87.32124598286491
5 100 71.449282711585
6 1 79.81227975693966
6 2 56.61271941887264
6 3 85.95929269136641
6 4 47.53945729601885
6 5 84.17244204607586
6 6 0.0
6 7 57.38466694161429
6 8 38.8329756778952
6 9 62.00806399170998
6 10 103.75451797391764
6 11 58.412327466040935
6 12 24.020824298928627
6 13 58.855755878248644
6 14 24.351591323771842
6 15 72.56031973468694
6 16 75.58438992278762
6 17 74.33034373659252
6 18 89.1852005660132
6 19 93.04837451562494
6 20 45.12205669071391
6 21 57.688820407423826
6 22 73.10950690573696
6 23 28.442925306655784
6 24 16.492422502470642
6 25 97.12878049270464
6 26 63.06346010171025
6 27 78.84795495128583
6 28 25.079872407968907
6 29 69.6419413859206
6 30 49.51767361255979
6 31 50.92150822589606
6 32 44.40720662234904
6 33 22.02271554554524
6 34 92.11405973031478
6 35 73.10950690573696
6 36 84.72307831990054
6 37 58.309518948453004
6 38 27.294688127912362
6 39 48.84669896727925
6 40 16.64331697709324
6 41 74.96665925596525
6 42 85.98837130682264
6 43 22.47220505424423
6 44 40.311288741492746
6 45 26.076809620810597
6 46 50.08991914547278
6 47 47.042533945356304
6 48 56.64803615307419
6 49 86.58521813797087
6 50 69.35416353759881
6 51 75.95393340703298
6 52 35.4682957019364
6 53 93.55746896961247
6 54 90.87353850269065
6 55 19.849433241279208
6 56 18.384776310850235
6 57 70.06425622241343
6 58 38.118237105091836
6 59 36.013886210738214
6 60 24.020824298928627
6 61 57.8013840664737
6 62 82.15229759416349
6 63 83.86298349093002
6 64 43.104524124504614
6 65 92.22797840135064
6 66 50.44799302251776
6 67 92.19544457292888
6 68 82.22530024268686
6 69 57.87054518492115
6 70 20.591260281974
6 71 12.206555615733702
6 72 26.40075756488817
6 73 45.70557952810576
6 74 88.25531145489205
6 75 25.0
6 76 49.0
6 77 26.0
6 78 98.08159868191383
6 79 53.25410782277739
6 80 60.8276253029822
6 81 42.01190307520001
6 82 85.88364221433555
6 83 27.784887978899608
6 84 47.16990566028302
6 85 42.5440947723653
6 86 60.21627686929839
6 87 13.0
6 88 22.67156809750927
6 89 34.132096331752024
6 90 47.43416490252569
6 91 31.38470965295043
6 92 71.11961754677819
6 93 25.0
6 94 41.72529209005013
6 95 17.029386365926403
6 96 34.132096331752024
6 97 104.31682510506155
6 98 92.57429448826494
6 99 62.289646009589745
6 100 42.42640687119285
7 1 24.020824298928627
7 2 31.240998703626616
7 3 67.67569726275453
7 4 9.848857801796104
7 5 26.832815729997478
7 6 57.38466694161429
7 7 0.0
7 8 33.54101966249684
7 9 22.847319317591726
7 10 78.89233169326408
7 11 70.09279563550022
7 12 54.037024344425184
7 13 32.38826948140329
7 14 42.42640687119285
7 15 36.359317925395686
7 16 48.84669896727925
7 17 28.071337695236398
7 18 32.38826948140329
7 19 64.66065264130884
7 20 33.24154027718932
7 21 54.230987451824994
7 22 69.06518659932803
7 23 48.373546489791295
7 24 68.5054742338158
7 25 76.05918747922567
7 26 7.615773105863909
7 27 23.021728866442675
7 28 51.088159097779204
7 29 16.15549442140351
7 30 20.808652046684813
7 31 39.319206502675
7 32 50.92150822589606
7 33 39.319206502675
7 34 36.796738985948195
7 35 26.90724809414742
7 36 68.00735254367721
7 37 1.0
7 38 40.049968789001575
7 39 41.773197148410844
7 40 56.85068161420758
7 41 23.259406699226016
7 42 33.24154027718932
7 43 45.0111097397076
7 44 55.46169849544819
7 45 36.124783736376884
7 46 44.721359549995796
7 47 85.80209787645055
7 48 42.0
7 49 31.016124838541646
7 50 29.614185789921695
7 51 24.166091947189145
7 52 30.4138126514911
7 53 55.154328932550705
7 54 33.54101966249684
7 55 51.66236541235796
7 56 60.207972893961475
7 57 25.495097567963924
7 58 78.10249675906654
7 59 27.018512172212592
7 60 70.9365914038728
7 61 36.87817782917155
7 62 33.61547262794322
7 63 28.319604517012593
7 64 54.230987451824994
7 65 53.03772242470448
7 66 55.78530272392541
7 67 37.05401462729781
7 68 27.16615541441225
7 69 40.049968789001575
7 70 43.18564576337837
7 71 61.18823416311342
7 72 43.93176527297759
7 73 16.1245154965971
7 74 31.04834939252005
7 75 38.05259518088089
7 76 59.481089431852205
7 77 43.18564576337837
7 78 40.80441152620633
7 79 12.041594578792296
7 80 6.082762530298219
7 81 23.706539182259394
7 82 29.206163733020468
7 83 46.22769732530488
7 84 55.00909015790027
7 85 16.0312195418814
7 86 57.14017850864661
7 87 49.09175083453431
7 88 54.45181356024793
7 89 35.6931365951495
7 90 14.866068747318506
7 91 46.04345773288535
7 92 55.90169943749474
7 93 56.639209034025185
7 94 57.271284253105414
7 95 42.720018726587654
7 96 61.85466837676846
7 97 47.80167361086848
7 98 69.77822009767804
7 99 68.8839603971781
7 100 51.07837115648854
8 1 48.60041152089147
8 2 54.230987451824994
8 3 50.24937810560445
8 4 26.68332812825267
8 5 57.3149195236284
8 6 38.8329756778952
8 7 33.54101966249684
8 8 0.0
8 9 25.632011235952593
8 10 66.85057965343307
8 11 38.05259518088089
8 12 50.44799302251776
8 13 20.09975124224178
8 14 15.0
8 15 34.0147027033899
8 16 37.16180835212409
8 17 60.440052945046304
8 18 58.60034129593445
8 19 55.00909015790027
8 20 6.324555320336759
8 21 26.0
8 22 42.95346318982906
8 23 48.83646178829912
8 24 42.7551166528639
8 25 61.07372593840988
8 26 41.14608122288197
8 27 47.80167361086848
8 28 48.83646178829912
8 29 49.658836071740545
8 30 42.04759208325728
8 31 13.45362404707371
8 32 18.110770276274835
8 33 34.655446902326915
8 34 69.63476143421474
8 35 37.0
8 36 49.49747468305833
8 37 34.0
8 38 40.607881008493905
8 39 13.038404810405298
8 40 29.614185789921695
8 41 41.182520563948
8 42 51.478150704935004
8 43 41.72529209005013
8 44 21.93171219946131
8 45 13.416407864998739
8 46 15.652475842498529
8 47 53.075418038862395
8 48 19.209372712298546
8 49 54.378304497290095
8 50 59.682493245507096
8 51 42.05948168962618
8 52 38.07886552931954
8 53 54.74486277268398
8 54 63.63961030678928
8 55 23.53720459187964
8 56 51.478150704935004
8 57 33.83784863137726
8 58 46.09772228646444
8 59 9.219544457292887
8 60 42.15447781671598
8 61 58.69412236331676
8 62 45.880278987817846
8 63 61.29437168288782
8 64 61.85466837676846
8 65 53.46026561849464
8 66 24.020824298928627
8 67 59.0592922409336
8 68 49.92995093127971
8 69 19.72308292331602
8 70 38.2099463490856
8 71 48.46648326421054
8 72 14.317821063276353
8 73 17.46424919657298
8 74 58.89821729050889
8 75 36.235341863986875
8 76 68.5054742338158
8 77 14.142135623730951
8 78 68.41052550594829
8 79 38.47076812334269
8 80 39.395431207184416
8 81 9.848857801796104
8 82 61.220911460055866
8 83 15.231546211727817
8 84 64.66065264130884
8 85 29.017236257093817
8 86 29.154759474226502
8 87 26.1725046566048
8 88 24.698178070456937
8 89 42.05948168962618
8 90 35.014282800023196
8 91 13.601470508735444
8 92 35.35533905932738
8 93 25.942243542145693
8 94 23.769728648009426
8 95 22.135943621178654
8 96 29.0
8 97 79.30952023559341
8 98 55.80322571321482
8 99 38.2099463490856
8 100 59.36328831862332
9 1 25.0
9 2 53.53503525729669
9 3 44.9221548904324
9 4 24.758836806279895
9 5 36.24913792078372
9 6 62.00806399170998
9 7 22.847319317591726
9 8 25.632011235952593
9 9 0.0
9 10 56.302753041036986
9 11 53.71219600798314
9 12 67.06713054842886
9 13 11.704699910719626
9 14 40.024992192379
9 15 14.142135623730951
9 16 26.0
9 17 49.49747468305833
9 18 34.713109915419565
9 19 42.20189569201838
9 20 21.095023109728988
9 21 35.84689665786984
9 22 48.373546489791295
9 23 63.071388124885914
9 24 68.15423684555495
9 25 53.225933528685054
9 26 28.635642126552707
9 27 24.413111231467404
9 28 64.62197768561404
9 29 36.124783736376884
9 30 42.01190307520001
9 31 22.80350850198276
9 32 37.48332962798263
9 33 50.59644256269407
9 34 50.59644256269407
9 35 11.40175425099138
9 36 45.35416188179427
9 37 22.47220505424423
9 38 54.12947441089743
9 39 26.248809496813376
9 40 55.08175741568164
9 41 16.278820596099706
9 42 25.942243542145693
9 43 57.584720195551874
9 44 43.93176527297759
9 45 36.124783736376884
9 46 28.600699292150182
9 47 76.83749084919418
9 48 22.847319317591726
9 49 29.732137494637012
9 50 52.20153254455275
9 51 17.029386365926403
9 52 46.87216658103186
9 53 34.9857113690718
9 54 41.677331968349414
9 55 49.040799340956916
9 56 70.83078426785913
9 57 8.246211251235321
9 58 70.7248188403477
9 59 26.0
9 60 67.77905281132217
9 61 59.07622195096772
9 62 20.396078054371138
9 63 43.174066289845804
9 64 72.42237223399962
9 65 33.12099032335839
9 66 40.22437072223753
9 67 33.83784863137726
9 68 25.45584412271571
9 69 20.248456731316587
9 70 54.70831746635972
9 71 69.58448102845921
9 72 39.84971769034255
9 73 18.384776310850235
9 74 35.805027579936315
9 75 50.695167422546305
9 76 78.40918313565064
9 77 39.56008088970496
9 78 44.598206241955516
9 79 34.132096331752024
9 80 28.160255680657446
9 81 20.0
9 82 41.43669871020132
9 83 40.85339643163099
9 84 74.02702209328699
9 85 32.01562118716424
9 86 38.27531841800928
9 87 50.35871324805669
9 88 50.32891812864648
9 89 52.15361924162119
9 90 34.713109915419565
9 91 38.91015291668744
9 92 34.0147027033899
9 93 51.478150704935004
9 94 45.27692569068709
9 95 45.044422518220834
9 96 53.25410782277739
9 97 57.8013840664737
9 98 46.95742752749558
9 99 51.07837115648854
9 100 69.40461079784254
10 1 68.8839603971781
10 2 109.83624174196785
10 3 18.439088914585774
10 4 80.60397012554654
10 5 81.58431221748455
10 6 103.75451797391764
10 7 78.89233169326408
10 8 66.85057965343307
10 9 56.302753041036986
10 10 0.0
10 11 57.0
10 12 117.2006825918689
10 13 50.20956084253277
10 14 79.64923100695951
10 15 42.5440947723653
10 16 31.144823004794873
10 17 103.24727599312246
10 18 73.43704787094863
10 19 14.317821063276353
10 20 60.802960454241045
10 21 47.12748667179272
10 22 37.013511046643494
10 23 114.97825881443848
10 24 101.53324578678651
10 25 8.06225774829855
10 26 83.6301381082203
10 27 69.12307863514182
10 28 115.42096863222038
10 29 89.69392398596462
10 30 98.22932352408826
10 31 53.53503525729669
10 32 60.40695324215582
10 33 101.04454463255303
10 34 96.17692030835673
10 35 53.85164807134504
10 36 20.223748416156685
10 37 78.39005038906404
10 38 106.30145812734649
10 39 55.072679252057455
10 40 89.88882021697692
10 41 61.032778078668514
10 42 59.53990258641679
10 43 108.23123393919151
10 44 66.48308055437865
10 45 80.15609770940699
10 46 53.665631459994955
10 47 91.00549433962765
10 48 47.70744176750625
10 49 67.60177512462228
10 50 107.35455276791944
10 51 60.728905802755904
10 52 101.13851887386922
10 53 29.017236257093817
10 54 83.60023923410746
10 55 84.69356528095862
10 56 118.1905241548577
10 57 54.12947441089743
10 58 90.35485598461214
10 59 73.87827826905551
10 60 96.54014708917737
10 61 115.37764081484765
10 62 52.172789842982326
10 63 91.44397191723465
10 64 126.57408897558773
10 65 31.064449134018133
10 66 55.78530272392541
10 67 66.06814663663572
10 68 66.2872536767062
10 69 47.20169488482379
10 70 104.80935072788114
10 71 114.61239025515522
10 72 77.3692445355388
10 73 72.24956747275377
10 74 76.6550715869472
10 75 102.17631819555841
10 76 132.94359706281458
10 77 77.82673062643708
10 78 80.00624975587844
10 79 90.4267659490264
10 80 83.64807230295268
10 81 69.35416353759881
10 82 87.66413177577246
10 83 76.05918747922567
10 84 128.7245120402482
10 85 87.32124598286491
10 86 45.35416188179427
10 87 90.78546139112804
10 88 83.21658488546619
10 89 106.06601717798213
10 90 90.80198235721508
10 91 72.49827584156743
10 92 32.69556544854363
10 93 82.21921916437786
10 94 65.96969000988257
10 95 88.32326986700618
10 96 76.90253571892151
10 97 97.02061636580135
10 98 11.180339887498949
10 99 51.0
10 100 123.7457069962429
11 1 78.54934754662193
11 2 92.04890004774636
11 3 39.20459156782532
11 4 64.4980619863884
11 5 89.89438247187641
11 6 58.412327466040935
11 7 70.09279563550022
11 8 38.05259518088089
11 9 53.71219600798314
11 10 57.0
11 11 0.0
11 12 79.17701686727027
11 13 42.190046219457976
11 14 40.162171256046406
11 15 51.62363799656123
11 16 42.720018726587654
11 17 97.86214794290998
11 18 87.92041856133307
11 19 52.630789467763066
11 20 36.87817782917155
11 21 18.439088914585774
11 22 20.024984394500787
11 23 80.23091673413684
11 24 50.0
11 25 49.01020301937138
11 26 77.62087348130012
11 27 78.03204469959762
11 28 78.7210264160726
11 29 86.1278120005379
11 30 80.0
11 31 31.38470965295043
11 32 20.0
11 33 66.73080248281148
11 34 103.87011119662864
11 35 62.20128616033595
11 36 37.12142238654117
11 37 70.3420215802759
11 38 73.68174807915459
11 39 28.460498941515414
11 40 41.86884283091664
11 41 69.33974329343886
11 42 76.69419795525604
11 43 72.61542535852834
11 44 19.313207915827967
11 45 45.12205669071391
11 46 25.632011235952593
11 47 34.0147027033899
11 48 31.064449134018133
11 49 82.41965784932621
11 50 97.62171889492625
11 51 69.8927750200262
11 52 74.14849964766651
11 53 63.06346010171025
11 54 95.38343671728336
11 55 39.11521443121589
11 56 76.27581530209953
11 57 59.64059020499378
11 58 33.95585369269929
11 59 47.0
11 60 43.04648650006177
11 61 96.25487000666512
11 62 68.6804193347711
11 63 96.00520819205592
11 64 94.92101980067429
11 65 63.13477647065839
11 66 14.317821063276353
11 67 85.27602242131137
11 68 78.49203781276162
11 69 33.83784863137726
11 70 69.07966415668217
11 71 70.60453243241541
11 72 37.0
11 73 54.74486277268398
11 74 89.35882720806042
11 75 69.26037828369117
11 76 101.59232254457027
11 77 37.94733192202055
11 78 97.65244492586962
11 79 76.4198926981712
11 80 76.15773105863909
11 81 47.38143096192854
11 82 94.847245611035
11 83 34.17601498127012
11 84 98.35141076771599
11 85 67.00746227100382
11 86 17.029386365926403
11 87 47.50789408087881
11 88 35.805027579936315
11 89 77.12976079309465
11 90 73.06161783043132
11 91 31.32091952673165
11 92 29.966648127543394
11 93 33.421549934136806
11 94 17.46424919657298
11 95 48.84669896727925
11 96 24.758836806279895
11 97 111.50784725749125
11 98 47.265209192385896
11 99 6.0
11 100 92.97311439335567
12 1 78.05767098754612
12 2 40.496913462633174
12 3 100.65783625729296
12 4 45.39823785126467
12 5 78.63841300535
12 6 24.020824298928627
12 7 54.037024344425184
12 8 50.44799302251776
12 9 67.06713054842886
12 10 117.2006825918689
12 11 79.17701686727027
12 12 0.0
12 13 68.09552114493287
12 14 40.0
12 15 80.11242100947892
12 16 86.82165628459296
12 17 61.741396161732524
12 18 86.05230967266364
12 19 104.84750831564858
12 20 56.4003546088143
12 21 74.41102068914255
12 22 91.0494371207203
12 23 7.211102550927978
12 24 40.11234224026316
12 25 111.5212984142491
12 26 57.21887800367987
12 27 77.05841939723393
12 28 3.1622776601683795
12 29 61.39218191268331
12 30 38.3275357934736
12 31 63.89053137985315
12 32 62.20128616033595
12 33 16.55294535724685
12 34 82.86132994346639
12 35 76.6550715869472
12 36 99.82484660644363
12 37 55.036351623268054
12 38 14.0
12 39 62.96824596572466
12 40 39.293765408777
12 41 75.95393340703298
12 42 86.70063436907483
12 43 9.486832980505138
12 44 60.03332407921454
12 45 37.48332962798263
12 46 65.05382386916237
12 47 71.06335201775947
12 48 69.65629906907199
12 49 85.05292469985967
12 50 55.072679252057455
12 51 76.94153624668537
12 52 24.186773244895647
12 53 101.6366075781753
12 54 85.0
12 55 40.311288741492746
12 56 9.219544457292887
12 57 74.04052944165107
12 58 62.12889826803627
12 59 43.56604182158393
12 60 48.0
12 61 39.698866482558415
12 62 85.14693182963201
12 63 75.43208866258443
12 64 19.4164878389476
12 65 99.92497185388645
12 66 68.81860213634101
12 67 91.08786966440702
12 68 81.15417426109393
12 69 70.0
12 70 12.529964086141668
12 71 15.231546211727817
12 72 43.01162633521314
12 73 48.703182647543684
12 74 84.2140130857092
12 75 16.492422502470642
12 76 25.019992006393608
12 77 42.20189569201838
12 78 93.53608929178085
12 79 45.39823785126467
12 80 55.14526271584895
12 81 48.76474136094644
12 82 78.64477096412705
12 83 45.48626166217664
12 84 23.53720459187964
12 85 38.118237105091836
12 86 77.33692520394123
12 87 31.78049716414141
12 88 44.01136216933077
12 89 19.6468827043885
12 90 40.11234224026316
12 91 48.82622246293481
12 92 85.70297544426332
12 93 46.8187996428785
12 94 61.773780845922005
12 95 30.805843601498726
12 96 56.302753041036986
12 97 95.88013350011565
12 98 106.21205204683694
12 99 82.15229759416349
12 100 19.313207915827967
13 1 36.359317925395686
13 2 61.326992425847855
13 3 36.235341863986875
13 4 31.304951684997057
13 5 47.92702786528704
13 6 58.855755878248644
13 7 32.38826948140329
13 8 20.09975124224178
13 9 11.704699910719626
13 10 50.20956084253277
13 11 42.190046219457976
13 12 68.09552114493287
13 13 0.0
13 14 35.05709628591621
13 15 14.035668847618199
13 16 19.1049731745428
13 17 60.07495318350236
13 18 45.803929962395145
13 19 37.013511046643494
13 20 14.0
13 21 24.166091947189145
13 22 37.05401462729781
13 23 65.21502894272147
13 24 62.289646009589745
13 25 45.803929962395145
13 26 39.05124837953327
13 27 35.84689665786984
13 28 66.03786792439622
13 29 47.01063709417264
13 30 49.193495504995376
13 31 12.206555615733702
13 32 27.202941017470888
13 33 51.62363799656123
13 34 62.297672508690084
13 35 20.518284528683193
13 36 36.24913792078372
13 37 32.2490309931942
13 38 56.4003546088143
13 39 15.811388300841896
13 40 49.16299421312742
13 41 27.202941017470888
13 42 35.4682957019364
13 43 58.83026432033091
13 44 34.132096331752024
13 45 32.984845004941285
13 46 17.69180601295413
13 47 67.11929677819934
13 48 11.180339887498949
13 49 40.45985664828782
13 50 61.98386886924694
13 51 27.80287754891569
13 52 50.93132631298737
13 53 34.713109915419565
13 54 53.23532661682466
13 55 43.104524124504614
13 56 70.3846574190711
13 57 17.69180601295413
13 58 61.71709649683789
13 59 24.596747752497688
13 60 60.63827174318213
13 61 66.64082832618455
13 62 28.30194339616981
13 63 54.817880294662984
13 64 76.38062581571324
13 65 33.37663853655727
13 66 29.068883707497267
13 67 43.86342439892262
13 68 36.40054944640259
13 69 8.54400374531753
13 70 55.569775957799216
13 71 68.00735254367721
13 72 34.0147027033899
13 73 22.20360331117452
13 74 47.16990566028302
13 75 52.43090691567332
13 76 82.73451516749222
13 77 34.0
13 78 55.60575509783138
13 79 42.37924020083418
13 80 38.2099463490856
13 81 19.4164878389476
13 82 53.14132102234569
13 83 34.23448553724738
13 84 78.5175139698144
13 85 37.44329045369811
13 86 26.570660511172846
13 87 46.2709412050371
13 88 43.56604182158393
13 89 55.86591089385369
13 90 41.593268686170845
13 91 31.575306807693888
13 92 23.53720459187964
13 93 44.14748010928823
13 94 35.22782990761707
13 95 41.97618372363071
13 96 44.28317965096906
13 97 69.35416353759881
13 98 39.824615503479755
13 99 39.395431207184416
13 100 73.53910524340094
14 1 61.29437168288782
14 2 54.91812087098393
14 3 62.12889826803627
14 4 33.421549934136806
14 5 68.41052550594829
14 6 24.351591323771842
14 7 42.42640687119285
14 8 15.0
14 9 40.024992192379
14 10 79.64923100695951
14 11 40.162171256046406
14 12 40.0
14 13 35.05709628591621
14 14 0.0
14 15 49.01020301937138
14 16 51.24451190127583
14 17 66.24198064671678
14 18 71.19691004531025
14 19 68.70953354520753
14 20 21.095023109728988
14 21 34.655446902326915
14 22 51.088159097779204
14 23 40.24922359499622
14 24 28.160255680657446
14 25 73.24616030891995
14 26 49.57822102496216
14 27 60.41522986797286
14 28 39.11521443121589
14 29 57.62811813689564
14 30 43.965895873961216
14 31 26.570660511172846
14 32 22.20360331117452
14 33 26.570660511172846
14 34 79.20858539325141
14 35 51.419840528729765
14 36 61.032778078668514
14 37 43.139309220245984
14 38 33.52610922848042
14 39 24.596747752497688
14 40 15.231546211727817
14 41 54.78138369920935
14 42 65.45991139621256
14 43 32.64965543462902
14 44 20.8806130178211
14 45 6.708203932499369
14 46 26.076809620810597
14 47 44.294469180700204
14 48 32.31098884280702
14 49 67.54257916307313
14 50 63.694583757176716
14 51 55.71355310873648
14 52 35.0
14 53 69.58448102845921
14 54 75.0
14 55 9.433981132056603
14 56 39.05124837953327
14 57 48.27007354458868
14 58 36.05551275463989
14 59 15.811388300841896
14 60 28.844410203711913
14 61 58.309518948453004
14 62 60.41522986797286
14 63 70.7248188403477
14 64 54.78138369920935
14 65 68.3593446428504
14 66 28.844410203711913
14 67 72.61542535852834
14 68 63.071388124885914
14 69 33.52610922848042
14 70 29.068883707497267
14 71 34.9857113690718
14 72 3.1622776601683795
14 73 27.202941017470888
14 74 71.02112361825881
14 75 29.120439557122072
14 76 61.465437442517235
14 77 2.23606797749979
14 78 80.77747210701756
14 79 43.41658669218482
14 80 47.50789408087881
14 81 21.02379604162864
14 82 71.50524456289902
14 83 6.082762530298219
14 84 58.18934610390462
14 85 32.202484376209235
14 86 37.48332962798263
14 87 11.40175425099138
14 88 12.041594578792296
14 89 37.33630940518894
14 90 38.48376280978771
14 91 8.94427190999916
14 92 47.16990566028302
14 93 14.422205101855956
14 94 22.80350850198276
14 95 9.219544457292887
14 96 21.587033144922902
14 97 90.02777349240623
14 98 68.47627326307996
14 99 42.485291572496
14 100 52.81098370604357
15 1 30.4138126514911
15 2 67.42403132415029
15 3 33.13608305156178
15 4 38.897300677553446
15 5 43.289721643826724
15 6 72.56031973468694
15 7 36.359317925395686
15 8 34.0147027033899
15 9 14.142135623730951
15 10 42.5440947723653
15 11 51.62363799656123
15 12 80.11242100947892
15 13 14.035668847618199
15 14 49.01020301937138
15 15 0.0
15 16 14.0
15 17 61.40032573203501
15 18 38.27531841800928
15 19 28.30194339616981
15 20 28.0178514522438
15 21 33.24154027718932
15 22 41.23105625617661
15 23 76.53757247260981
15 24 76.32168761236873
15 25 40.162171256046406
15 26 41.23105625617661
15 27 30.265491900843113
15 28 77.82030583337487
15 29 47.80167361086848
15 30 56.08029957123981
15 31 25.298221281347036
15 32 39.81205847478876
15 33 63.56099432828282
15 34 58.309518948453004
15 35 13.038404810405298
15 36 34.0147027033899
15 37 35.84689665786984
15 38 67.60177512462228
15 39 28.792360097775937
15 40 63.198101237299845
15 41 21.095023109728988
15 42 25.553864678361276
15 43 70.68238818828917
15 44 47.01063709417264
15 45 46.52956049652737
15 46 29.966648127543394
15 47 79.64923100695951
15 48 21.95449840010015
15 49 32.31098884280702
15 50 65.0
15 51 21.213203435596427
15 52 60.802960454241045
15 53 21.540659228538015
15 54 47.29693436154187
15 55 57.14017850864661
15 56 83.16850365372699
15 57 12.165525060596439
15 58 74.84650960465692
15 59 37.36308338453881
15 60 74.52516353554684
15 61 73.00684899377592
15 62 17.204650534085253
15 63 52.0
15 64 86.40023148117139
15 65 19.924858845171276
15 66 40.22437072223753
15 67 34.132096331752024
15 68 29.120439557122072
15 69 19.235384061671343
15 70 67.62396025078685
15 71 81.25269226308751
15 72 48.041648597857254
15 73 31.906112267087632
15 74 40.52159917870962
15 75 63.953107821277925
15 76 92.45539465060976
15 77 48.010415536631214
15 78 47.4236228055175
15 79 48.010415536631214
15 80 41.14608122288197
15 81 31.622776601683793
15 82 49.16299421312742
15 83 48.25971404805462
15 84 88.09086218218096
15 85 46.09772228646444
15 86 34.713109915419565
15 87 60.13318551349163
15 88 57.55866572463264
15 89 66.03029607687671
15 90 48.83646178829912
15 91 45.5411901469428
15 92 25.632011235952593
15 93 58.05170109479997
15 94 47.853944456021594
15 95 55.57877292636101
15 96 57.584720195551874
15 97 62.93647591023825
15 98 33.83784863137726
15 99 47.634021455258214
15 100 83.40863264674707
16 1 44.28317965096906
16 2 79.25906888173743
16 3 19.235384061671343
16 4 49.64876634922564
16 5 57.21887800367987
16 6 75.58438992278762
16 7 48.84669896727925
16 8 37.16180835212409
16 9 26.0
16 10 31.144823004794873
16 11 42.720018726587654
16 12 86.82165628459296
16 13 19.1049731745428
16 14 51.24451190127583
16 15 14.0
16 16 0.0
16 17 74.95331880577403
16 18 51.66236541235796
16 19 18.027756377319946
16 20 30.870698080866262
16 21 25.632011235952593
16 22 28.844410203711913
16 23 84.20213774008353
16 24 76.32168761236873
16 25 27.294688127912362
16 26 54.405882034941776
16 27 44.181444068749045
16 28 84.87638069569178
16 29 61.39218191268331
16 30 67.4166151627327
16 31 24.73863375370596
16 32 36.124783736376884
16 33 70.45565981523414
16 34 72.24956747275377
16 35 27.018512172212592
16 36 20.024984394500787
16 37 48.46648326421054
16 38 75.43208866258443
16 39 27.294688127912362
16 40 63.63961030678928
16 41 35.05709628591621
16 42 38.27531841800928
16 43 77.6659513557904
16 44 43.289721643826724
16 45 50.566787519082126
16 46 27.018512172212592
16 47 74.0
16 48 19.235384061671343
16 49 45.60701700396552
16 50 78.10889834071403
16 51 35.12833614050059
16 52 70.00714249274856
16 53 20.8806130178211
16 54 61.0
16 55 57.87054518492115
16 56 88.54942122905152
16 57 26.076809620810597
16 58 70.61161377563892
16 59 43.266615305567875
16 60 73.00684899377592
16 61 84.72307831990054
16 62 29.732137494637012
16 63 66.0
16 64 95.4829827770373
16 65 20.615528128088304
16 66 34.20526275297414
16 67 46.61544808322666
16 68 42.7551166528639
16 69 17.72004514666935
16 70 74.33034373659252
16 71 85.61541917201598
16 72 49.47726750741192
16 73 41.10960958218893
16 74 54.12947441089743
16 75 71.40028011149536
16 76 101.82337649086284
16 77 49.72926703662542
16 78 60.40695324215582
16 79 59.941638282582836
16 80 54.08326913195984
16 81 38.41874542459709
16 82 63.12685640834652
16 83 48.83646178829912
16 84 97.59098319004681
16 85 56.22277118748239
16 86 25.942243542145693
16 87 62.6418390534633
16 88 57.3149195236284
16 89 74.96665925596525
16 90 59.90826320300064
16 91 45.5411901469428
16 92 13.45362404707371
16 93 57.07889277132134
16 94 43.56604182158393
16 95 59.23681287847955
16 96 54.3323108288245
16 97 76.40026177965623
16 98 21.095023109728988
16 99 37.8021163428716
16 100 92.63368717696602
17 1 36.40054944640259
17 2 22.360679774997898
17 3 94.14881836751856
17 4 33.83784863137726
17 5 27.202941017470888
17 6 74.33034373659252
17 7 28.071337695236398
17 8 60.440052945046304
17 9 49.49747468305833
17 10 103.24727599312246
17 11 97.86214794290998
17 12 61.741396161732524
17 13 60.07495318350236
17 14 66.24198064671678
17 15 61.40032573203501
17 16 74.95331880577403
17 17 0.0
17 18 37.8021163428716
17 19 88.95504482602435
17 20 61.0
17 21 82.29823813423954
17 22 97.0051545022222
17 23 54.62600113499065
17 24 88.52683209061533
17 25 101.53324578678651
17 26 21.02379604162864
17 27 35.805027579936315
17 28 58.60034129593445
17 29 13.601470508735444
17 30 24.839484696748443
17 31 67.36467917239716
17 32 78.33900688673555
17 33 52.630789467763066
17 34 23.021728866442675
17 35 49.39635614091387
17 36 94.72592042308166
17 37 28.0178514522438
17 38 49.39635614091387
17 39 69.72087205421343
17 40 78.81624198095213
17 41 42.485291572496
17 42 47.634021455258214
17 43 55.226805085936306
17 44 82.21921916437786
17 45 59.53990258641679
17 46 72.69112738154499
17 47 110.5350623105628
17 48 70.02856560004639
17 49 41.012193308819754
17 50 8.06225774829855
17 51 42.941821107167776
17 52 39.408120990476064
17 53 76.53757247260981
17 54 30.870698080866262
17 55 74.62573282722254
17 56 70.2353187506115
17 57 49.33558553417604
17 58 102.2154587134451
17 59 52.55473337388365
17 60 92.80086206496145
17 61 26.0
17 62 52.478567053607705
17 63 18.384776310850235
17 64 52.46903848937962
17 65 74.30343195303969
17 66 83.54639429682169
17 67 46.09772228646444
17 68 39.824615503479755
17 69 68.0
17 70 55.21775076911409
17 71 73.78346698278686
17 72 68.42514157822401
17 73 43.174066289845804
17 74 34.40930106817051
17 75 50.0
17 76 55.00909015790027
17 77 67.53517601961218
17 78 40.311288741492746
17 79 22.825424421026653
17 80 22.02271554554524
17 81 50.695167422546305
17 82 23.259406699226016
17 83 71.11258679024411
17 84 51.088159097779204
17 85 34.132096331752024
17 86 85.21150157109074
17 87 69.81403870282824
17 88 78.03204469959762
17 89 42.5440947723653
17 90 28.0178514522438
17 91 71.69379331573968
17 92 83.38465086573187
17 93 80.62257748298549
17 94 84.11896337925236
17 95 63.60031446463138
17 96 87.23531395025755
17 97 36.013886210738214
17 98 95.2102935611481
17 99 96.87620966986684
17 100 49.64876634922564
18 1 10.0
18 2 55.362442142665635
18 3 69.72087205421343
18 4 41.97618372363071
18 5 10.63014581273465
18 6 89.1852005660132
18 7 32.38826948140329
18 8 58.60034129593445
18 9 34.713109915419565
18 10 73.43704787094863
18 11 87.92041856133307
18 12 86.05230967266364
18 13 45.803929962395145
18 14 71.19691004531025
18 15 38.27531841800928
18 16 51.66236541235796
18 17 37.8021163428716
18 18 0.0
18 19 60.03332407921454
18 20 55.226805085936306
18 21 69.6419413859206
18 22 79.47955712005447
18 23 80.00624975587844
18 24 98.84331034521254
18 25 74.0
18 26 29.068883707497267
18 27 10.816653826391969
18 28 83.02409288875127
18 29 27.85677655436824
18 30 49.49747468305833
18 31 57.48912940721924
18 32 72.18032973047436
18 33 71.7007670809734
18 34 23.08679276123039
18 35 25.942243542145693
18 36 71.02112361825881
18 37 31.400636936215164
18 38 72.06247289678588
18 39 60.959002616512684
18 40 86.35392289873113
18 41 18.601075237738275
18 42 14.0
18 43 77.23341245859851
18 44 78.49203781276162
18 45 65.7419196555744
18 46 63.25345840347388
