1 1 0.0
1 2 11.661903789690601
1 3 10.295630140987
1 4 7.0710678118654755
1 5 12.083045973594572
1 6 6.4031242374328485
1 7 7.0
1 8 8.06225774829855
1 9 1.0
1 10 5.0
1 11 11.661903789690601
1 12 6.4031242374328485
1 13 7.0
1 14 12.041594578792296
1 15 11.180339887498949
1 16 10.04987562112089
1 17 3.0
1 18 7.615773105863909
1 19 10.295630140987
1 20 9.848857801796104
1 21 6.0
1 22 5.830951894845301
1 23 8.94427190999916
1 24 7.810249675906654
1 25 11.661903789690601
2 1 11.661903789690601
2 2 0.0
2 3 15.811388300841896
2 4 15.033296378372908
2 5 17.72004514666935
2 6 5.385164807134504
2 7 16.401219466856727
2 8 16.64331697709324
2 9 12.529964086141668
2 10 7.810249675906654
2 11 12.0
2 12 14.035668847618199
2 13 18.027756377319946
2 14 3.605551275463989
2 15 21.93171219946131
2 16 11.704699910719626
2 17 13.45362404707371
2 18 4.242640687119285
2 19 19.026297590440446
2 20 21.470910553583888
2 21 17.08800749063506
2 22 5.830951894845301
2 23 14.142135623730951
2 24 4.123105625617661
2 25 5.656854249492381
3 1 10.295630140987
3 2 15.811388300841896
3 3 0.0
3 4 17.204650534085253
3 5 2.0
3 6 13.0
3 7 5.385164807134504
3 8 4.123105625617661
3 9 10.816653826391969
3 10 9.0
3 11 5.830951894845301
3 12 16.64331697709324
3 13 15.0
3 14 18.24828759089466
3 15 10.04987562112089
3 16 19.924858845171276
3 17 7.810249675906654
3 18 12.165525060596439
3 19 19.79898987322333
3 20 14.866068747318506
3 21 14.212670403551895
3 22 12.0
3 23 19.235384061671343
3 24 14.035668847618199
3 25 19.026297590440446
4 1 7.0710678118654755
4 2 15.033296378372908
4 3 17.204650534085253
4 4 0.0
4 5 18.867962264113206
4 6 10.04987562112089
4 7 13.0
4 8 14.317821063276353
4 9 6.4031242374328485
4 10 11.180339887498949
4 11 18.601075237738275
4 12 1.0
4 13 5.385164807134504
4 14 13.601470508735444
4 15 15.0
4 16 6.4031242374328485
4 17 9.433981132056603
4 18 12.165525060596439
4 19 4.0
4 20 9.848857801796104
4 21 5.0990195135927845
4 22 10.198039027185569
4 23 3.1622776601683795
4 24 11.0
4 25 12.083045973594572
5 1 12.083045973594572
5 2 17.72004514666935
5 3 2.0
5 4 18.867962264113206
5 5 0.0
5 6 15.0
5 7 6.4031242374328485
5 8 5.0
5 9 12.529964086141668
5 10 11.0
5 11 7.0710678118654755
5 12 18.35755975068582
5 13 16.278820596099706
5 14 20.223748416156685
5 15 10.04987562112089
5 16 21.840329667841555
5 17 9.433981132056603
5 18 14.142135623730951
5 19 21.2602916254693
5 20 15.652475842498529
5 21 15.556349186104045
5 22 14.0
5 23 21.02379604162864
5 24 16.0312195418814
5 25 21.02379604162864
6 1 6.4031242374328485
6 2 5.385164807134504
6 3 13.0
6 4 10.04987562112089
6 5 15.0
6 6 0.0
6 7 12.083045973594572
6 8 12.649110640673518
6 9 7.211102550927978
6 10 4.0
6 11 11.180339887498949
6 12 9.055385138137417
6 13 12.649110640673518
6 14 5.830951894845301
6 15 17.204650534085253
6 16 8.48528137423857
6 17 8.602325267042627
6 18 2.23606797749979
6 19 14.035668847618199
6 20 16.1245154965971
6 21 11.704699910719626
6 22 1.0
6 23 9.848857801796104
6 24 1.4142135623730951
6 25 6.082762530298219
7 1 7.0
7 2 16.401219466856727
7 3 5.385164807134504
7 4 13.0
7 5 6.4031242374328485
7 6 12.083045973594572
7 7 0.0
7 8 1.4142135623730951
7 9 7.0710678118654755
7 10 8.602325267042627
7 11 10.04987562112089
7 12 12.649110640673518
7 13 9.899494936611665
7 14 17.88854381999832
7 15 5.830951894845301
7 16 17.029386365926403
7 17 4.0
7 18 12.206555615733702
7 19 15.0
7 20 9.486832980505138
7 21 9.219544457292887
7 22 11.180339887498949
7 23 15.524174696260024
7 24 13.416407864998739
7 25 18.027756377319946
8 1 8.06225774829855
8 2 16.64331697709324
8 3 4.123105625617661
8 4 14.317821063276353
8 5 5.0
8 6 12.649110640673518
8 7 1.4142135623730951
8 8 0.0
8 9 8.246211251235321
8 10 8.94427190999916
8 11 9.219544457292887
8 12 13.92838827718412
8 13 11.313708498984761
8 14 18.384776310850235
8 15 6.324555320336759
8 16 18.110770276274835
8 17 5.0990195135927845
8 18 12.529964086141668
8 19 16.401219466856727
8 20 10.770329614269007
8 21 10.63014581273465
8 22 11.704699910719626
8 23 16.76305461424021
8 24 13.92838827718412
8 25 18.681541692269406
9 1 1.0
9 2 12.529964086141668
9 3 10.816653826391969
9 4 6.4031242374328485
9 5 12.529964086141668
9 6 7.211102550927978
9 7 7.0710678118654755
9 8 8.246211251235321
9 9 0.0
9 10 6.0
9 11 12.529964086141668
9 12 5.830951894845301
9 13 6.0
9 14 12.727922061357855
9 15 10.770329614269007
9 16 10.0
9 17 3.1622776601683795
9 18 8.54400374531753
9 19 9.433981132056603
9 20 8.94427190999916
9 21 5.0
9 22 6.708203932499369
9 23 8.54400374531753
9 24 8.602325267042627
9 25 12.206555615733702
10 1 5.0
10 2 7.810249675906654
10 3 9.0
10 4 11.180339887498949
10 5 11.0
10 6 4.0
10 7 8.602325267042627
10 8 8.94427190999916
10 9 6.0
10 10 0.0
10 11 7.810249675906654
10 12 10.295630140987
10 13 12.0
10 14 9.486832980505138
10 15 14.142135623730951
10 16 11.661903789690601
10 17 5.830951894845301
10 18 3.605551275463989
10 19 14.866068747318506
10 20 14.560219778561036
10 21 11.0
10 22 3.0
10 23 12.041594578792296
10 24 5.0990195135927845
10 25 10.04987562112089
11 1 11.661903789690601
11 2 12.0
11 3 5.830951894845301
11 4 18.601075237738275
11 5 7.0710678118654755
11 6 11.180339887498949
11 7 10.04987562112089
11 8 9.219544457292887
11 9 12.529964086141668
11 10 7.810249675906654
11 11 0.0
11 12 17.804493814764857
11 13 18.027756377319946
11 14 15.132745950421556
11 15 15.524174696260024
11 16 19.4164878389476
11 17 10.44030650891055
11 18 9.486832980505138
11 19 21.95449840010015
11 20 19.1049731745428
11 21 17.08800749063506
11 22 10.295630140987
11 23 19.79898987322333
11 24 11.704699910719626
11 25 16.492422502470642
12 1 6.4031242374328485
12 2 14.035668847618199
12 3 16.64331697709324
12 4 1.0
12 5 18.35755975068582
12 6 9.055385138137417
12 7 12.649110640673518
12 8 13.92838827718412
12 9 5.830951894845301
12 10 10.295630140987
12 11 17.804493814764857
12 12 0.0
12 13 5.830951894845301
12 14 12.649110640673518
12 15 15.033296378372908
12 16 5.830951894845301
12 17 8.94427190999916
12 18 11.180339887498949
12 19 5.0
12 20 10.295630140987
12 21 5.385164807134504
12 22 9.219544457292887
12 23 3.0
12 24 10.0
12 25 11.180339887498949
13 1 7.0
13 2 18.027756377319946
13 3 15.0
13 4 5.385164807134504
13 5 16.278820596099706
13 6 12.649110640673518
13 7 9.899494936611665
13 8 11.313708498984761
13 9 6.0
13 10 12.0
13 11 18.027756377319946
13 12 5.830951894845301
13 13 0.0
13 14 17.4928556845359
13 15 10.198039027185569
13 16 11.661903789690601
13 17 7.615773105863909
13 18 14.317821063276353
13 19 5.385164807134504
13 20 4.47213595499958
13 21 1.0
13 22 12.36931687685298
13 23 8.54400374531753
13 24 13.92838827718412
13 25 16.401219466856727
14 1 12.041594578792296
14 2 3.605551275463989
14 3 18.24828759089466
14 4 13.601470508735444
14 5 20.223748416156685
14 6 5.830951894845301
14 7 17.88854381999832
14 8 18.384776310850235
14 9 12.727922061357855
14 10 9.486832980505138
14 11 15.132745950421556
14 12 12.649110640673518
14 13 17.4928556845359
14 14 0.0
14 15 23.021728866442675
14 16 9.055385138137417
14 17 14.422205101855956
14 18 6.082762530298219
14 19 17.46424919657298
14 20 21.400934559032695
14 21 16.64331697709324
14 22 6.708203932499369
14 23 12.041594578792296
14 24 4.47213595499958
14 25 2.23606797749979
15 1 11.180339887498949
15 2 21.93171219946131
15 3 10.04987562112089
15 4 15.0
15 5 10.04987562112089
15 6 17.204650534085253
15 7 5.830951894845301
15 8 6.324555320336759
15 9 10.770329614269007
15 10 14.142135623730951
15 11 15.524174696260024
15 12 15.033296378372908
15 13 10.198039027185569
15 14 23.021728866442675
15 15 0.0
15 16 20.396078054371138
15 17 8.602325267042627
15 18 17.69180601295413
15 19 15.524174696260024
15 20 7.211102550927978
15 21 10.04987562112089
15 22 16.401219466856727
15 23 18.027756377319946
15 24 18.601075237738275
15 25 22.825424421026653
16 1 10.04987562112089
16 2 11.704699910719626
16 3 19.924858845171276
16 4 6.4031242374328485
16 5 21.840329667841555
16 6 8.48528137423857
16 7 17.029386365926403
16 8 18.110770276274835
16 9 10.0
16 10 11.661903789690601
16 11 19.4164878389476
16 12 5.830951894845301
16 13 11.661903789690601
16 14 9.055385138137417
16 15 20.396078054371138
16 16 0.0
16 17 13.038404810405298
16 18 10.63014581273465
16 19 9.433981132056603
16 20 16.1245154965971
16 21 11.180339887498949
16 22 9.219544457292887
16 23 3.605551275463989
16 24 8.602325267042627
16 25 7.0
17 1 3.0
17 2 13.45362404707371
17 3 7.810249675906654
17 4 9.433981132056603
17 5 9.433981132056603
17 6 8.602325267042627
17 7 4.0
17 8 5.0990195135927845
17 9 3.1622776601683795
17 10 5.830951894845301
17 11 10.44030650891055
17 12 8.94427190999916
17 13 7.615773105863909
17 14 14.422205101855956
17 15 8.602325267042627
17 16 13.038404810405298
17 17 0.0
17 18 9.219544457292887
17 19 12.041594578792296
17 20 9.055385138137417
17 21 6.708203932499369
17 22 7.810249675906654
17 23 11.704699910719626
17 24 10.0
17 25 14.317821063276353
18 1 7.615773105863909
18 2 4.242640687119285
18 3 12.165525060596439
18 4 12.165525060596439
18 5 14.142135623730951
18 6 2.23606797749979
18 7 12.206555615733702
18 8 12.529964086141668
18 9 8.54400374531753
18 10 3.605551275463989
18 11 9.486832980505138
18 12 11.180339887498949
18 13 14.317821063276353
18 14 6.082762530298219
18 15 17.69180601295413
18 16 10.63014581273465
18 17 9.219544457292887
18 18 0.0
18 19 16.1245154965971
18 20 17.46424919657298
18 21 13.341664064126334
18 22 2.0
18 23 12.083045973594572
18 24 2.23606797749979
18 25 7.0710678118654755
19 1 10.295630140987
19 2 19.026297590440446
19 3 19.79898987322333
19 4 4.0
19 5 21.2602916254693
19 6 14.035668847618199
19 7 15.0
19 8 16.401219466856727
19 9 9.433981132056603
19 10 14.866068747318506
19 11 21.95449840010015
19 12 5.0
19 13 5.385164807134504
19 14 17.46424919657298
19 15 15.524174696260024
19 16 9.433981132056603
19 17 12.041594578792296
19 18 16.1245154965971
19 19 0.0
19 20 9.0
19 21 5.830951894845301
19 22 14.142135623730951
19 23 5.830951894845301
19 24 15.0
19 25 15.811388300841896
20 1 9.848857801796104
20 2 21.470910553583888
20 3 14.866068747318506
20 4 9.848857801796104
20 5 15.652475842498529
20 6 16.1245154965971
20 7 9.486832980505138
20 8 10.770329614269007
20 9 8.94427190999916
20 10 14.560219778561036
20 11 19.1049731745428
20 12 10.295630140987
20 13 4.47213595499958
20 14 21.400934559032695
20 15 7.211102550927978
20 16 16.1245154965971
20 17 9.055385138137417
20 18 17.46424919657298
20 19 9.0
20 20 0.0
20 21 5.0
20 22 15.652475842498529
20 23 13.0
20 24 17.4928556845359
20 25 20.518284528683193
21 1 6.0
21 2 17.08800749063506
21 3 14.212670403551895
21 4 5.0990195135927845
21 5 15.556349186104045
21 6 11.704699910719626
21 7 9.219544457292887
21 8 10.63014581273465
21 9 5.0
21 10 11.0
21 11 17.08800749063506
21 12 5.385164807134504
21 13 1.0
21 14 16.64331697709324
21 15 10.04987562112089
21 16 11.180339887498949
21 17 6.708203932499369
21 18 13.341664064126334
21 19 5.830951894845301
21 20 5.0
21 21 0.0
21 22 11.40175425099138
21 23 8.246211251235321
21 24 13.0
21 25 15.620499351813308
22 1 5.830951894845301
22 2 5.830951894845301
22 3 12.0
22 4 10.198039027185569
22 5 14.0
22 6 1.0
22 7 11.180339887498949
22 8 11.704699910719626
22 9 6.708203932499369
22 10 3.0
22 11 10.295630140987
22 12 9.219544457292887
22 13 12.36931687685298
22 14 6.708203932499369
22 15 16.401219466856727
22 16 9.219544457292887
22 17 7.810249675906654
22 18 2.0
22 19 14.142135623730951
22 20 15.652475842498529
22 21 11.40175425099138
22 22 0.0
22 23 10.295630140987
22 24 2.23606797749979
22 25 7.0710678118654755
23 1 8.94427190999916
23 2 14.142135623730951
23 3 19.235384061671343
23 4 3.1622776601683795
23 5 21.02379604162864
23 6 9.848857801796104
23 7 15.524174696260024
23 8 16.76305461424021
23 9 8.54400374531753
23 10 12.041594578792296
23 11 19.79898987322333
23 12 3.0
23 13 8.54400374531753
23 14 12.041594578792296
23 15 18.027756377319946
23 16 3.605551275463989
23 17 11.704699910719626
23 18 12.083045973594572
23 19 5.830951894845301
23 20 13.0
23 21 8.246211251235321
23 22 10.295630140987
23 23 0.0
23 24 10.44030650891055
23 25 10.198039027185569
24 1 7.810249675906654
24 2 4.123105625617661
24 3 14.035668847618199
24 4 11.0
24 5 16.0312195418814
24 6 1.4142135623730951
24 7 13.416407864998739
24 8 13.92838827718412
24 9 8.602325267042627
24 10 5.0990195135927845
24 11 11.704699910719626
24 12 10.0
24 13 13.92838827718412
24 14 4.47213595499958
24 15 18.601075237738275
24 16 8.602325267042627
24 17 10.0
24 18 2.23606797749979
24 19 15.0
24 20 17.4928556845359
24 21 13.0
24 22 2.23606797749979
24 23 10.44030650891055
24 24 0.0
24 25 5.0
25 1 11.661903789690601
25 2 5.656854249492381
25 3 19.026297590440446
25 4 12.083045973594572
25 5 21.02379604162864
25 6 6.082762530298219
25 7 18.027756377319946
25 8 18.681541692269406
25 9 12.206555615733702
25 10 10.04987562112089
25 11 16.492422502470642
25 12 11.180339887498949
25 13 16.401219466856727
25 14 2.23606797749979
25 15 22.825424421026653
25 16 7.0
25 17 14.317821063276353
25 18 7.0710678118654755
25 19 15.811388300841896
25 20 20.518284528683193
25 21 15.620499351813308
25 22 7.0710678118654755
25 23 10.198039027185569
25 24 5.0
25 25 0.0
