1 1 0.0
1 2 12.041594578792296
1 3 37.656340767525464
1 4 19.235384061671343
1 5 27.65863337187866
1 6 31.906112267087632
1 7 33.734255586866
1 8 65.21502894272147
1 9 20.808652046684813
1 10 20.12461179749811
1 11 38.118237105091836
1 12 37.0
1 13 21.095023109728988
1 14 34.0
1 15 51.0
1 16 48.82622246293481
1 17 56.0357029044876
1 18 33.61547262794322
1 19 8.94427190999916
1 20 49.9799959983992
1 21 38.3275357934736
1 22 65.62011886609167
1 23 66.85057965343307
1 24 73.24616030891995
1 25 47.75981574503821
1 26 33.06055050963308
1 27 54.57105459856901
1 28 36.6742416417845
1 29 29.017236257093817
1 30 43.08131845707603
1 31 20.396078054371138
1 32 38.47076812334269
1 33 19.235384061671343
1 34 18.027756377319946
1 35 74.06078584514209
1 36 77.00649323271382
1 37 20.615528128088304
1 38 58.52349955359813
1 39 4.47213595499958
1 40 19.4164878389476
1 41 50.44799302251776
1 42 37.12142238654117
1 43 17.11724276862369
1 44 58.25804665451803
1 45 18.24828759089466
1 46 62.625873247404705
1 47 48.54894437575342
1 48 49.16299421312742
1 49 56.72741841473134
1 50 49.09175083453431
1 51 44.28317965096906
1 52 37.94733192202055
1 53 26.570660511172846
1 54 53.150729063673246
1 55 30.066592756745816
1 56 23.08679276123039
1 57 18.681541692269406
1 58 8.06225774829855
1 59 14.142135623730951
1 60 53.600373133029585
1 61 24.20743687382041
1 62 32.89376840679705
1 63 39.45883931389772
1 64 64.00781202322104
1 65 40.44749683231337
1 66 62.42595614005443
1 67 73.40980860893181
1 68 19.4164878389476
1 69 65.19202405202648
1 70 29.832867780352597
2 1 12.041594578792296
2 2 0.0
2 3 33.12099032335839
2 4 26.019223662515376
2 5 15.811388300841896
2 6 37.107950630558946
2 7 29.68164415931166
2 8 65.06919393998976
2 9 26.30589287593181
2 10 27.018512172212592
2 11 48.27007354458868
2 12 44.181444068749045
2 13 17.029386365926403
2 14 39.81205847478876
2 15 43.93176527297759
2 16 48.91829923454004
2 17 55.90169943749474
2 18 39.05124837953327
2 19 12.041594578792296
2 20 46.87216658103186
2 21 33.1058907144937
2 22 59.77457653551382
2 23 66.46803743153546
2 24 72.24956747275377
2 25 54.589376255824725
2 26 43.174066289845804
2 27 45.17742799230607
2 28 42.7551166528639
2 29 38.63935817272331
2 30 40.607881008493905
2 31 17.69180601295413
2 32 27.51363298439521
2 33 9.0
2 34 12.806248474865697
2 35 73.55270219373317
2 36 77.10382610480494
2 37 23.40939982143925
2 38 54.589376255824725
2 39 11.180339887498949
2 40 15.620499351813308
2 41 41.10960958218893
2 42 31.38470965295043
2 43 26.68332812825267
2 44 59.033888572581766
2 45 10.295630140987
2 46 59.16924876994806
2 47 48.104053883222775
2 48 43.01162633521314
2 49 57.8013840664737
2 50 53.48831648126533
2 51 36.22154055254967
2 52 35.0
2 53 34.0147027033899
2 54 44.04543109109048
2 55 23.08679276123039
2 56 33.52610922848042
2 57 17.204650534085253
2 58 10.0
2 59 7.810249675906654
2 60 49.193495504995376
2 61 12.206555615733702
2 62 40.11234224026316
2 63 48.041648597857254
2 64 56.568542494923804
2 65 32.14031735997639
2 66 62.24146527838174
2 67 73.59347797189639
2 68 17.029386365926403
2 69 67.7421582177598
2 70 33.83784863137726
3 1 37.656340767525464
3 2 33.12099032335839
3 3 0.0
3 4 29.732137494637012
3 5 29.68164415931166
3 6 28.284271247461902
3 7 4.0
3 8 34.88552708502482
3 9 26.92582403567252
3 10 30.083217912982647
3 11 50.60632371551998
3 12 37.53664875824692
3 13 16.76305461424021
3 14 31.144823004794873
3 15 15.652475842498529
3 16 21.213203435596427
3 17 26.570660511172846
3 18 29.732137494637012
3 19 43.657759905886145
3 20 14.142135623730951
3 21 2.23606797749979
3 22 28.071337695236398
3 23 35.84689665786984
3 24 40.607881008493905
3 25 43.41658669218482
3 26 46.87216658103186
3 27 25.612496949731394
3 28 33.421549934136806
3 29 42.190046219457976
3 30 9.486832980505138
3 31 17.26267650163207
3 32 25.179356624028344
3 33 25.612496949731394
3 34 20.615528128088304
3 35 42.43819034784589
3 36 46.647615158762406
3 37 21.840329667841555
3 38 21.470910553583888
3 39 40.52159917870962
3 40 48.54894437575342
3 41 22.47220505424423
3 42 4.0
3 43 36.40054944640259
3 44 31.04834939252005
3 45 42.20189569201838
3 46 26.076809620810597
3 47 19.4164878389476
3 48 12.36931687685298
3 49 30.59411708155671
3 50 35.4400902933387
3 51 13.892443989449804
3 52 5.0990195135927845
3 53 33.28663395418648
3 54 23.430749027719962
3 55 11.40175425099138
3 56 42.15447781671598
3 57 19.1049731745428
3 58 29.614185789921695
3 59 40.8166632639171
3 60 16.15549442140351
3 61 34.058772731852805
3 62 35.38361202590826
3 63 44.553338819890925
3 64 28.160255680657446
3 65 13.341664064126334
3 66 32.202484376209235
3 67 43.41658669218482
3 68 18.24828759089466
3 69 42.42640687119285
3 70 24.08318915758459
4 1 19.235384061671343
4 2 26.019223662515376
4 3 29.732137494637012
4 4 0.0
4 5 37.0
4 6 12.806248474865697
4 7 26.0
4 8 48.75448697299562
4 9 3.0
4 10 1.0
4 11 24.186773244895647
4 12 18.24828759089466
4 13 19.209372712298546
4 14 14.7648230602334
4 15 45.31004303683677
4 16 32.89376840679705
4 17 39.92492955535426
4 18 14.422205101855956
4 19 28.178005607210743
4 20 38.0
4 21 31.38470965295043
4 22 56.568542494923804
4 23 50.566787519082126
4 24 57.38466694161429
4 25 28.861739379323623
4 26 19.4164878389476
4 27 53.25410782277739
4 28 17.46424919657298
4 29 14.422205101855956
4 30 31.016124838541646
4 31 17.029386365926403
4 32 43.01162633521314
4 33 27.202941017470888
4 34 20.12461179749811
4 35 57.697486947006624
4 36 60.03332407921454
4 37 8.06225774829855
4 38 47.0
4 39 23.706539182259394
4 40 38.27531841800928
4 41 49.4064773081425
4 42 31.304951684997057
4 43 7.0
4 44 41.182520563948
4 45 35.510561809129406
4 46 50.15974481593781
4 47 33.24154027718932
4 48 42.05948168962618
4 49 39.44616584663204
4 50 30.0
4 51 41.340053217188775
4 52 27.459060435491963
4 53 8.0
4 54 51.31276644267
4 55 28.319604517012593
4 56 12.529964086141668
4 57 15.0
4 58 16.0312195418814
4 59 31.78049716414141
4 60 43.18564576337837
4 61 36.49657518178932
4 62 14.142135623730951
4 63 22.20360331117452
4 64 57.87054518492115
4 65 38.600518131237564
4 66 46.09772228646444
4 67 56.43580423808985
4 68 16.401219466856727
4 69 46.69047011971501
4 70 11.661903789690601
5 1 27.65863337187866
5 2 15.811388300841896
5 3 29.68164415931166
5 4 37.0
5 5 0.0
5 6 45.17742799230607
5 7 27.730849247724095
5 8 64.4980619863884
5 9 36.138621999185304
5 10 37.94733192202055
5 11 60.92618484691127
5 12 53.75872022286245
5 13 20.0
5 14 48.25971404805462
5 15 34.9857113690718
5 16 49.76946855251722
5 17 55.90169943749474
5 18 47.16990566028302
5 19 26.92582403567252
5 20 43.60045871318328
5 21 28.600699292150182
5 22 51.62363799656123
5 23 65.5133574166368
5 24 70.21395872616783
5 25 63.198101237299845
5 26 55.94640292279746
5 27 32.38826948140329
5 28 51.24451190127583
5 29 51.07837115648854
5 30 38.948684188300895
5 31 22.02271554554524
5 32 13.0
5 33 9.848857801796104
5 34 17.26267650163207
5 35 72.11102550927978
5 36 76.32168761236873
5 37 31.400636936215164
5 38 49.49747468305833
5 39 26.92582403567252
5 40 25.019992006393608
5 41 28.635642126552707
5 42 26.40075756488817
5 43 39.824615503479755
5 44 60.00833275470999
5 45 18.0
5 46 54.45181356024793
5 47 48.33218389437829
5 48 35.608987629529715
5 49 59.23681287847955
5 50 59.30430001273095
5 51 26.419689627245813
5 52 33.54101966249684
5 53 44.64302857109943
5 54 31.78049716414141
5 55 18.35755975068582
5 56 47.01063709417264
5 57 23.194827009486403
5 58 23.021728866442675
5 59 19.4164878389476
5 60 43.840620433565945
5 61 6.082762530298219
5 62 50.00999900019995
5 63 58.9406481131655
5 64 46.238512086787566
5 65 22.47220505424423
5 66 61.773780845922005
5 67 73.06161783043132
5 68 22.090722034374522
5 69 70.51950084905593
5 70 41.048751503547585
6 1 31.906112267087632
6 2 37.107950630558946
6 3 28.284271247461902
6 4 12.806248474865697
6 5 45.17742799230607
6 6 0.0
6 7 25.612496949731394
6 8 37.64306044943742
6 9 11.180339887498949
6 10 12.041594578792296
6 11 22.825424421026653
6 12 9.433981132056603
6 13 25.317977802344327
6 14 3.1622776601683795
6 15 43.41658669218482
6 16 23.021728866442675
6 17 29.427877939124322
6 18 2.0
6 19 40.8166632639171
6 20 31.622776601683793
6 21 30.4138126514911
6 22 51.264022471905186
6 23 39.56008088970496
6 24 46.57252408878007
6 25 18.027756377319946
6 26 19.924858845171276
6 27 53.81449618829484
6 28 6.082762530298219
6 29 16.1245154965971
6 30 25.495097567963924
6 31 23.194827009486403
6 32 48.104053883222775
6 33 36.0
6 34 28.0178514522438
6 35 46.486557196677836
6 36 48.33218389437829
6 37 14.035668847618199
6 38 40.26164427839479
6 39 36.359317925395686
6 40 50.566787519082126
6 41 50.44799302251776
6 42 31.240998703626616
6 43 18.027756377319946
6 44 29.732137494637012
6 45 47.12748667179272
6 46 42.42640687119285
6 47 24.020824298928627
6 48 39.408120990476064
6 49 27.85677655436824
6 50 17.204650534085253
6 51 41.86884283091664
6 52 24.20743687382041
6 53 8.246211251235321
6 54 51.66236541235796
6 55 31.78049716414141
6 56 19.4164878389476
6 57 22.02271554554524
6 58 27.51363298439521
6 59 43.657759905886145
6 60 37.69615364994153
6 61 46.04345773288535
6 62 7.211102550927978
6 63 16.278820596099706
6 64 54.70831746635972
6 65 40.22437072223753
6 66 35.17101079013795
6 67 44.77722635447622
6 68 23.08679276123039
6 69 34.058772731852805
6 70 4.47213595499958
7 1 33.734255586866
7 2 29.68164415931166
7 3 4.0
7 4 26.0
7 5 27.730849247724095
7 6 25.612496949731394
7 7 0.0
7 8 36.89173349139343
7 9 23.259406699226016
7 10 26.40075756488817
7 11 47.50789408087881
7 12 35.0
7 13 13.0
7 14 28.600699292150182
7 15 19.313207915827967
7 16 22.135943621178654
7 17 28.178005607210743
7 18 27.202941017470888
7 19 39.92492955535426
7 20 17.204650534085253
7 21 5.385164807134504
7 22 32.0624390837628
7 23 38.01315561749642
7 24 43.18564576337837
7 25 41.6293165929973
7 26 43.60045871318328
7 27 28.284271247461902
7 28 31.064449134018133
7 29 38.8329756778952
7 30 11.40175425099138
7 31 13.341664064126334
7 32 25.019992006393608
7 33 22.627416997969522
7 34 17.0
7 35 44.82186966202994
7 36 48.82622246293481
7 37 18.027756377319946
7 38 25.079872407968907
7 39 36.68787265568828
7 40 45.221676218380054
7 41 24.839484696748443
7 42 5.656854249492381
7 43 32.57299494980466
7 44 32.31098884280702
7 45 39.05124837953327
7 46 29.5296461204668
7 47 20.615528128088304
7 48 16.278820596099706
7 49 31.622776601683793
7 50 34.52535300326414
7 51 16.278820596099706
7 52 5.830951894845301
7 53 30.0
7 54 26.1725046566048
7 55 9.486832980505138
7 56 38.48376280978771
7 57 15.132745950421556
7 58 25.709920264364882
7 59 37.44329045369811
7 60 19.924858845171276
7 61 31.622776601683793
7 62 32.55764119219941
7 63 41.86884283091664
7 64 32.01562118716424
7 65 14.7648230602334
7 66 34.132096331752024
7 67 45.48626166217664
7 68 14.317821063276353
7 69 43.174066289845804
7 70 21.2602916254693
8 1 65.21502894272147
8 2 65.06919393998976
8 3 34.88552708502482
8 4 48.75448697299562
8 5 64.4980619863884
8 6 37.64306044943742
8 7 36.89173349139343
8 8 0.0
8 9 46.06517122512408
8 10 48.33218389437829
8 11 56.0
8 12 41.10960958218893
8 13 48.16637831516918
8 14 37.8549864614954
8 15 38.05259518088089
8 16 16.401219466856727
8 17 9.219544457292887
8 18 37.107950630558946
8 19 73.24616030891995
8 20 21.840329667841555
8 21 36.24913792078372
8 22 31.38470965295043
8 23 2.0
8 24 9.055385138137417
8 25 37.656340767525464
8 26 55.226805085936306
8 27 51.0
8 28 37.33630940518894
8 29 52.773099207835045
8 30 25.553864678361276
8 31 47.38143096192854
8 32 59.135437767890075
8 33 59.20304046246274
8 34 52.40229002629561
8 35 8.94427190999916
8 36 12.041594578792296
8 37 44.654227123532216
8 38 21.213203435596427
8 39 69.20260110718382
8 40 80.61017305526642
8 41 50.15974481593781
8 42 38.48376280978771
8 43 55.154328932550705
8 44 8.06225774829855
8 45 75.07329751649384
8 46 18.027756377319946
8 47 16.97056274847714
8 48 34.23448553724738
8 49 10.04987562112089
8 50 26.1725046566048
8 51 43.93176527297759
8 52 31.064449134018133
8 53 45.880278987817846
8 54 49.01020301937138
8 55 46.14108798023731
8 56 57.0087712549569
8 57 48.104053883222775
8 58 58.25804665451803
8 59 72.83543093852057
8 60 25.019992006393608
8 61 68.5054742338158
8 62 42.579337712087536
8 63 47.01063709417264
8 64 40.52159917870962
8 65 45.880278987817846
8 66 2.8284271247461903
8 67 8.602325267042627
8 68 48.08326112068523
8 69 14.866068747318506
8 70 37.16180835212409
9 1 20.808652046684813
9 2 26.30589287593181
9 3 26.92582403567252
9 4 3.0
9 5 36.138621999185304
9 6 11.180339887498949
9 7 23.259406699226016
9 8 46.06517122512408
9 9 0.0
9 10 3.1622776601683795
9 11 25.80697580112788
9 12 18.0
9 13 17.4928556845359
9 14 13.601470508735444
9 15 42.5440947723653
9 16 30.083217912982647
9 17 37.16180835212409
9 18 13.0
9 19 29.68164415931166
9 20 35.0
9 21 28.635642126552707
9 22 53.600373133029585
9 23 47.853944456021594
9 24 54.62600113499065
9 25 28.284271247461902
9 26 21.2602916254693
9 27 50.80354318352215
9 28 16.492422502470642
9 29 16.278820596099706
9 30 28.0178514522438
9 31 15.264337522473747
9 32 41.340053217188775
9 33 26.476404589747453
9 34 18.973665961010276
9 35 55.00909015790027
9 36 57.4543296888929
9 37 5.656854249492381
9 38 44.0
9 39 25.238858928247925
9 40 39.395431207184416
9 41 47.01063709417264
9 42 28.653097563788805
9 43 10.0
9 44 38.58756276314948
9 45 36.138621999185304
9 46 47.16990566028302
9 47 30.364452901377952
9 48 39.21734310225516
9 49 36.89173349139343
9 50 28.30194339616981
9 51 38.8329756778952
9 52 24.515301344262525
9 53 8.54400374531753
9 54 48.82622246293481
9 55 26.1725046566048
9 56 15.231546211727817
9 57 13.416407864998739
9 58 16.492422502470642
9 59 32.57299494980466
9 60 40.19950248448356
9 61 36.124783736376884
9 62 14.035668847618199
9 63 22.80350850198276
9 64 55.02726596879042
9 65 36.235341863986875
9 66 43.382023926967726
9 67 53.85164807134504
9 68 14.7648230602334
9 69 44.553338819890925
9 70 9.219544457292887
10 1 20.12461179749811
10 2 27.018512172212592
10 3 30.083217912982647
10 4 1.0
10 5 37.94733192202055
10 6 12.041594578792296
10 7 26.40075756488817
10 8 48.33218389437829
10 9 3.1622776601683795
10 10 0.0
10 11 23.323807579381203
10 12 17.26267650163207
10 13 20.0
10 14 13.892443989449804
10 15 45.69463863518345
10 16 32.57299494980466
10 17 39.56008088970496
10 18 13.601470508735444
10 19 29.068883707497267
10 20 38.01315561749642
10 21 31.78049716414141
10 22 56.71860364994893
10 23 50.15974481593781
10 24 57.0087712549569
10 25 27.892651361962706
10 26 18.601075237738275
10 27 53.823786563191554
10 28 16.55294535724685
10 29 13.601470508735444
10 30 31.064449134018133
10 31 17.804493814764857
10 32 43.829214001622255
10 33 28.160255680657446
10 34 21.02379604162864
10 35 57.271284253105414
10 36 59.53990258641679
10 37 8.602325267042627
10 38 47.01063709417264
10 39 24.596747752497688
10 40 39.21734310225516
10 41 50.0
10 42 31.76476034853718
10 43 7.0710678118654755
10 44 40.70626487409524
10 45 36.49657518178932
10 46 50.08991914547278
10 47 32.984845004941285
10 48 42.37924020083418
10 49 38.948684188300895
10 50 29.206163733020468
10 51 41.88078318274385
10 52 27.65863337187866
10 53 7.0
10 54 51.86520991955976
10 55 29.0
10 56 12.083045973594572
10 57 15.811388300841896
10 58 17.029386365926403
10 59 32.7566787083184
10 60 43.289721643826724
10 61 37.48332962798263
10 62 13.152946437965905
10 63 21.213203435596427
10 64 58.18934610390462
10 65 39.20459156782532
10 66 45.69463863518345
10 67 55.94640292279746
10 68 17.204650534085253
10 69 46.010868281309364
10 70 11.180339887498949
11 1 38.118237105091836
11 2 48.27007354458868
11 3 50.60632371551998
11 4 24.186773244895647
11 5 60.92618484691127
11 6 22.825424421026653
11 7 47.50789408087881
11 8 56.0
11 9 25.80697580112788
11 10 23.323807579381203
11 11 0.0
11 12 15.297058540778355
11 13 43.266615305567875
11 14 20.615528128088304
11 15 66.03029607687671
11 16 44.14748010928823
11 17 49.36598018878993
11 18 21.93171219946131
11 19 46.010868281309364
11 20 54.230987451824994
11 21 52.630789467763066
11 22 73.92563831310488
11 23 58.0
11 24 65.00769185258002
11 25 20.248456731316587
11 26 5.0990195135927845
11 27 75.7429864739964
11 28 19.6468827043885
11 29 9.848857801796104
11 30 48.30113870293329
11 31 41.048751503547585
11 32 67.11929677819934
11 33 51.07837115648854
11 34 44.294469180700204
11 35 64.1248781675256
11 36 64.6297145282261
11 37 31.400636936215164
11 38 62.625873247404705
11 39 42.01190307520001
11 40 57.0087712549569
11 41 72.13875518748573
11 42 53.150729063673246
11 43 21.587033144922902
11 44 48.010415536631214
11 45 56.32051136131489
11 46 64.28841264178172
11 47 45.60701700396552
11 48 62.12889826803627
11 49 46.010868281309364
11 50 30.14962686336267
11 51 63.702433234531945
11 52 46.87216658103186
11 53 17.69180601295413
11 54 73.66138744281159
11 55 51.85556864985669
11 56 15.033296378372908
11 57 39.11521443121589
11 58 38.600518131237564
11 59 52.23983154643591
11 60 60.41522986797286
11 61 59.77457653551382
11 62 15.652475842498529
11 63 9.055385138137417
11 64 77.52418977325722
11 65 61.5223536610881
11 66 54.037024344425184
11 67 61.40032573203501
11 68 40.496913462633174
11 69 47.29693436154187
11 70 26.627053911388696
12 1 37.0
12 2 44.181444068749045
12 3 37.53664875824692
12 4 18.24828759089466
12 5 53.75872022286245
12 6 9.433981132056603
12 7 35.0
12 8 41.10960958218893
12 9 18.0
12 10 17.26267650163207
12 11 15.297058540778355
12 12 0.0
12 13 34.20526275297414
12 14 6.4031242374328485
12 15 52.40229002629561
12 16 28.861739379323623
12 17 34.132096331752024
12 18 7.810249675906654
12 19 45.880278987817846
12 20 39.35733730830886
12 21 39.698866482558415
12 22 59.033888572581766
12 23 43.104524124504614
12 24 50.15974481593781
12 25 10.770329614269007
12 26 14.142135623730951
12 27 63.12685640834652
12 28 4.47213595499958
12 29 12.529964086141668
12 30 33.83784863137726
12 31 32.01562118716424
12 32 57.38466694161429
12 33 44.28317965096906
12 34 36.49657518178932
12 35 49.49747468305833
12 36 50.44799302251776
12 37 22.360679774997898
12 38 47.53945729601885
12 39 41.43669871020132
12 40 56.32051136131489
12 41 59.81638571495272
12 42 40.607881008493905
12 43 20.591260281974
12 44 33.06055050963308
12 45 53.75872022286245
12 46 49.040799340956916
12 47 30.364452901377952
12 48 48.27007354458868
12 49 31.064449134018133
12 50 16.15549442140351
12 51 51.22499389946279
12 52 33.24154027718932
12 53 10.44030650891055
12 54 60.959002616512684
12 55 41.14608122288197
12 56 18.439088914585774
12 57 30.59411708155671
12 58 34.23448553724738
12 59 50.00999900019995
12 60 45.65084884205331
12 61 54.08326913195984
12 62 4.123105625617661
12 63 7.211102550927978
12 64 63.245553203367585
12 65 49.64876634922564
12 66 39.01281840626232
12 67 47.07440918375928
12 68 31.78049716414141
12 69 34.0147027033899
12 70 13.892443989449804
13 1 21.095023109728988
13 2 17.029386365926403
13 3 16.76305461424021
13 4 19.209372712298546
13 5 20.0
13 6 25.317977802344327
13 7 13.0
13 8 48.16637831516918
13 9 17.4928556845359
13 10 20.0
13 11 43.266615305567875
13 12 34.20526275297414
13 13 0.0
13 14 28.442925306655784
13 15 30.066592756745816
13 16 32.202484376209235
13 17 39.05124837953327
13 18 27.294688127912362
13 19 26.92582403567252
13 20 30.01666203960727
13 21 17.26267650163207
13 22 44.553338819890925
13 23 49.51767361255979
13 24 55.226805085936306
13 25 43.289721643826724
13 26 38.600518131237564
13 27 35.34119409414458
13 28 31.400636936215164
13 29 33.60059523282288
13 30 23.600847442411894
13 31 2.23606797749979
13 32 23.853720883753127
13 33 11.704699910719626
13 34 4.242640687119285
13 35 56.568542494923804
13 36 60.207972893961475
13 37 12.083045973594572
13 38 38.07886552931954
13 39 23.769728648009426
13 40 32.64965543462902
13 41 31.304951684997057
13 42 16.0312195418814
13 43 24.20743687382041
13 44 42.43819034784589
13 45 26.90724809414742
13 46 42.485291572496
13 47 31.240998703626616
13 48 28.071337695236398
13 49 41.340053217188775
13 50 39.45883931389772
13 51 24.041630560342615
13 52 18.027756377319946
13 53 25.942243542145693
13 54 33.61547262794322
13 55 9.848857801796104
13 56 31.144823004794873
13 57 4.242640687119285
13 58 13.038404810405298
13 59 24.839484696748443
13 60 32.89376840679705
13 61 21.840329667841555
13 62 30.675723300355934
13 63 39.92492955535426
13 64 43.104524124504614
13 65 20.615528128088304
13 66 45.34313619501854
13 67 56.72741841473134
13 68 2.8284271247461903
13 69 51.894122981316485
13 70 21.095023109728988
14 1 34.0
14 2 39.81205847478876
14 3 31.144823004794873
14 4 14.7648230602334
14 5 48.25971404805462
14 6 3.1622776601683795
14 7 28.600699292150182
14 8 37.8549864614954
14 9 13.601470508735444
14 10 13.892443989449804
14 11 20.615528128088304
14 12 6.4031242374328485
14 13 28.442925306655784
14 14 0.0
14 15 46.09772228646444
14 16 24.08318915758459
14 17 30.066592756745816
14 18 1.4142135623730951
14 19 42.941821107167776
14 20 33.61547262794322
14 21 33.301651610693426
14 22 53.31041174104736
14 23 39.81205847478876
14 24 46.87216658103186
14 25 15.0
14 26 18.24828759089466
14 27 56.72741841473134
14 28 3.0
14 29 15.033296378372908
14 30 27.784887978899608
14 31 26.30589287593181
14 32 51.264022471905186
14 33 39.01281840626232
14 34 31.064449134018133
14 35 46.57252408878007
14 36 48.104053883222775
14 37 17.0
14 38 42.05948168962618
14 39 38.47076812334269
14 40 52.92447448959697
14 41 53.41348144429457
14 42 34.20526275297414
14 43 19.1049731745428
14 44 29.832867780352597
14 45 49.72926703662542
14 46 43.93176527297759
14 47 25.317977802344327
14 48 42.01190307520001
14 49 27.892651361962706
14 50 15.556349186104045
14 51 44.82186966202994
14 52 26.90724809414742
14 53 8.602325267042627
14 54 54.56189146281496
14 55 34.92849839314596
14 56 19.313207915827967
14 57 25.079872407968907
14 58 30.083217912982647
14 59 46.17358552246078
14 60 39.81205847478876
14 61 49.01020301937138
14 62 5.0990195135927845
14 63 13.45362404707371
14 64 57.14017850864661
14 65 43.266615305567875
14 66 35.510561809129406
14 67 44.598206241955516
14 68 26.1725046566048
14 69 33.015148038438355
14 70 7.615773105863909
15 1 51.0
15 2 43.93176527297759
15 3 15.652475842498529
15 4 45.31004303683677
15 5 34.9857113690718
15 6 43.41658669218482
15 7 19.313207915827967
15 8 38.05259518088089
15 9 42.5440947723653
15 10 45.69463863518345
15 11 66.03029607687671
15 12 52.40229002629561
15 13 30.066592756745816
15 14 46.09772228646444
15 15 0.0
15 16 30.083217912982647
15 17 32.38826948140329
15 18 44.68780594300866
15 19 55.57877292636101
15 20 17.46424919657298
15 21 13.92838827718412
15 22 16.64331697709324
15 23 38.2099463490856
15 24 40.52159917870962
15 25 57.0087712549569
15 26 62.433965115151864
15 27 13.152946437965905
15 28 48.104053883222775
15 29 57.8013840664737
15 30 19.4164878389476
15 31 31.25699921617557
15 32 24.758836806279895
15 33 35.17101079013795
15 34 33.015148038438355
15 35 43.174066289845804
15 36 48.05205510693585
15 37 37.33630940518894
15 38 17.72004514666935
15 39 53.150729063673246
15 40 58.18934610390462
15 41 12.165525060596439
15 42 14.317821063276353
15 43 51.86520991955976
15 44 37.48332962798263
15 45 51.264022471905186
15 46 22.47220505424423
15 47 27.85677655436824
15 48 4.47213595499958
15 49 37.8549864614954
15 50 47.50789408087881
15 51 8.602325267042627
15 52 19.209372712298546
15 53 48.877397639399746
15 54 11.045361017187261
15 55 21.095023109728988
15 56 57.77542730261716
15 57 33.37663853655727
15 58 43.01162633521314
15 59 50.96076922496363
15 60 13.038404810405298
15 61 40.70626487409524
15 62 50.60632371551998
15 63 59.54829972383762
15 64 13.038404810405298
15 65 12.529964086141668
15 66 36.0
15 67 45.5411901469428
15 68 32.2490309931942
15 69 49.64876634922564
15 70 39.408120990476064
16 1 48.82622246293481
16 2 48.91829923454004
16 3 21.213203435596427
16 4 32.89376840679705
16 5 49.76946855251722
16 6 23.021728866442675
16 7 22.135943621178654
16 8 16.401219466856727
16 9 30.083217912982647
16 10 32.57299494980466
16 11 44.14748010928823
16 12 28.861739379323623
16 13 32.202484376209235
16 14 24.08318915758459
16 15 30.083217912982647
16 16 0.0
16 17 7.211102550927978
16 18 23.021728866442675
16 19 56.85068161420758
16 20 13.038404810405298
16 21 23.08679276123039
16 22 31.400636936215164
16 23 18.027756377319946
16 24 24.596747752497688
16 25 29.410882339705484
16 26 42.2965719651132
16 27 43.01162633521314
16 28 24.515301344262525
16 29 39.01281840626232
16 30 12.0
16 31 31.240998703626616
16 32 46.389654018972806
16 33 43.56604182158393
16 34 36.40054944640259
16 35 25.238858928247925
16 36 28.319604517012593
16 37 28.30194339616981
16 38 19.4164878389476
16 39 52.80151512977634
16 40 64.38167441127949
16 41 41.0
16 42 25.179356624028344
16 43 39.56008088970496
16 44 10.295630140987
16 45 59.033888572581766
16 46 20.248456731316587
16 47 2.23606797749979
16 48 25.632011235952593
16 49 9.486832980505138
16 50 18.384776310850235
16 51 33.24154027718932
16 52 16.492422502470642
16 53 31.144823004794873
16 54 40.80441152620633
16 55 31.622776601683793
16 56 42.2965719651132
16 57 31.827660925679098
16 58 41.86884283091664
16 59 56.639209034025185
16 60 19.209372712298546
16 61 53.23532661682466
16 62 29.154759474226502
16 63 35.73513677041127
16 64 37.64306044943742
16 65 34.0
16 66 13.601470508735444
16 67 24.758836806279895
16 68 31.89043743820395
16 69 21.213203435596427
16 70 21.587033144922902
17 1 56.0357029044876
17 2 55.90169943749474
17 3 26.570660511172846
17 4 39.92492955535426
17 5 55.90169943749474
17 6 29.427877939124322
17 7 28.178005607210743
17 8 9.219544457292887
17 9 37.16180835212409
17 10 39.56008088970496
17 11 49.36598018878993
17 12 34.132096331752024
17 13 39.05124837953327
17 14 30.066592756745816
17 15 32.38826948140329
17 16 7.211102550927978
17 17 0.0
17 18 29.154759474226502
17 19 64.03124237432849
17 20 15.033296378372908
17 21 28.160255680657446
17 22 29.832867780352597
17 23 10.816653826391969
17 24 17.46424919657298
17 25 32.69556544854363
17 26 48.010415536631214
17 27 45.5411901469428
17 28 30.01666203960727
17 29 45.09988913511872
17 30 17.08800749063506
17 31 38.2099463490856
17 32 51.419840528729765
17 33 50.21951811795888
17 34 43.278170016764804
17 35 18.027756377319946
17 36 21.213203435596427
17 37 35.510561809129406
17 38 18.027756377319946
17 39 60.0
17 40 71.42128534267638
17 41 44.10215414239989
17 42 30.364452901377952
17 43 46.486557196677836
17 44 5.0990195135927845
17 45 65.94694837519019
17 46 17.029386365926403
17 47 7.810249675906654
17 48 28.160255680657446
17 49 5.830951894845301
17 50 21.02379604162864
17 51 37.05401462729781
17 52 22.360679774997898
17 53 37.656340767525464
17 54 43.41658669218482
17 55 37.57658845611187
17 56 48.83646178829912
17 57 38.897300677553446
17 58 49.040799340956916
17 59 63.655321851358195
17 60 19.924858845171276
17 61 59.682493245507096
17 62 35.014282800023196
17 63 40.607881008493905
17 64 37.589892258425
17 65 38.47076812334269
17 66 6.4031242374328485
17 67 17.69180601295413
17 68 38.897300677553446
17 69 17.26267650163207
17 70 28.460498941515414
18 1 33.61547262794322
18 2 39.05124837953327
18 3 29.732137494637012
18 4 14.422205101855956
18 5 47.16990566028302
18 6 2.0
18 7 27.202941017470888
18 8 37.107950630558946
18 9 13.0
18 10 13.601470508735444
18 11 21.93171219946131
18 12 7.810249675906654
18 13 27.294688127912362
18 14 1.4142135623730951
18 15 44.68780594300866
18 16 23.021728866442675
18 17 29.154759474226502
18 18 0.0
18 19 42.5440947723653
18 20 32.31098884280702
18 21 31.89043743820395
18 22 52.0
18 23 39.05124837953327
18 24 46.09772228646444
18 25 16.0312195418814
18 26 19.4164878389476
18 27 55.31726674375732
18 28 4.123105625617661
18 29 16.0
18 30 26.419689627245813
18 31 25.179356624028344
18 32 49.9799959983992
18 33 38.0
18 34 30.01666203960727
18 35 45.880278987817846
18 36 47.53945729601885
18 37 16.0312195418814
18 38 40.80441152620633
18 39 38.07886552931954
18 40 52.392747589718944
18 41 52.009614495783374
18 42 32.802438933713454
18 43 19.209372712298546
18 44 29.120439557122072
18 45 49.040799340956916
18 46 42.7551166528639
18 47 24.186773244895647
18 48 40.607881008493905
18 49 27.202941017470888
18 50 15.620499351813308
18 51 43.41658669218482
18 52 25.495097567963924
18 53 8.94427190999916
18 54 53.150729063673246
18 55 33.61547262794322
18 56 19.924858845171276
18 57 24.020824298928627
18 58 29.410882339705484
18 59 45.5411901469428
18 60 38.48376280978771
18 61 48.041648597857254
18 62 6.324555320336759
18 63 14.866068747318506
18 64 55.758407437802596
18 65 41.88078318274385
18 66 34.713109915419565
18 67 44.01136216933077
18 68 25.079872407968907
18 69 32.802438933713454
18 70 6.324555320336759
19 1 8.94427190999916
19 2 12.041594578792296
19 3 43.657759905886145
19 4 28.178005607210743
19 5 26.92582403567252
19 6 40.8166632639171
19 7 39.92492955535426
19 8 73.24616030891995
19 9 29.68164415931166
19 10 29.068883707497267
19 11 46.010868281309364
19 12 45.880278987817846
19 13 26.92582403567252
19 14 42.941821107167776
19 15 55.57877292636101
19 16 56.85068161420758
19 17 64.03124237432849
19 18 42.5440947723653
19 19 0.0
19 20 56.79788728465171
19 21 43.965895873961216
19 22 71.06335201775947
19 23 74.81310045707235
19 24 81.02468759581859
19 25 56.64803615307419
19 26 41.048751503547585
19 27 57.21887800367987
19 28 45.617978911828175
19 29 37.33630940518894
19 30 50.11985634456667
19 31 26.832815729997478
19 32 39.293765408777
19 33 21.02379604162864
19 34 23.08679276123039
19 35 82.00609733428362
19 36 85.14693182963201
19 37 29.0
19 38 65.0
19 39 4.47213595499958
19 40 11.0
19 41 53.150729063673246
19 42 42.44997055358225
19 43 25.709920264364882
19 44 66.52818951391959
19 45 12.206555615733702
19 46 69.35416353759881
19 47 56.4003546088143
19 48 54.3415126767741
19 49 65.06919393998976
19 50 57.982756057296896
19 51 48.093658625644196
19 52 44.721359549995796
19 53 35.4682957019364
19 54 56.08029957123981
19 55 34.52535300326414
19 56 31.064449134018133
19 57 25.553864678361276
19 58 15.0
19 59 8.48528137423857
19 60 59.80802621722272
19 61 21.95449840010015
19 62 41.78516483155236
19 63 48.05205510693585
19 64 68.3593446428504
19 65 44.04543109109048
19 66 70.43436661176133
19 67 81.5659242576212
19 68 25.942243542145693
19 69 73.87827826905551
19 70 38.600518131237564
20 1 49.9799959983992
20 2 46.87216658103186
20 3 14.142135623730951
20 4 38.0
20 5 43.60045871318328
20 6 31.622776601683793
20 7 17.204650534085253
20 8 21.840329667841555
20 9 35.0
20 10 38.01315561749642
20 11 54.230987451824994
20 12 39.35733730830886
20 13 30.01666203960727
20 14 33.61547262794322
20 15 17.46424919657298
20 16 13.038404810405298
20 17 15.033296378372908
20 18 32.31098884280702
20 19 56.79788728465171
20 20 0.0
20 21 15.0
20 22 19.697715603592208
20 23 22.47220505424423
20 24 26.627053911388696
20 25 41.773197148410844
20 26 51.54609587543949
20 27 30.59411708155671
20 28 34.88552708502482
20 29 47.53945729601885
20 30 7.0710678118654755
20 31 29.966648127543394
20 32 37.33630940518894
20 33 39.698866482558415
20 34 34.132096331752024
20 35 28.653097563788805
20 36 33.1058907144937
20 37 31.25699921617557
20 38 9.0
20 39 53.31041174104736
20 40 62.42595614005443
20 41 29.068883707497267
20 42 17.204650534085253
20 43 45.0
20 44 20.09975124224178
20 45 56.22277118748239
20 46 12.649110640673518
20 47 10.816653826391969
20 48 13.152946437965905
20 49 20.396078054371138
20 50 31.240998703626616
20 51 22.20360331117452
20 52 12.083045973594572
20 53 38.8329756778952
20 54 28.442925306655784
20 55 25.495097567963924
20 56 49.36598018878993
20 57 31.38470965295043
20 58 42.15447781671598
20 59 54.644304369257
20 60 6.4031242374328485
20 61 48.16637831516918
20 62 38.62641583165593
20 63 46.52956049652737
20 64 24.758836806279895
20 65 24.041630560342615
20 66 19.4164878389476
20 67 30.083217912982647
20 68 30.870698080866262
20 69 32.2490309931942
20 70 28.635642126552707
21 1 38.3275357934736
21 2 33.1058907144937
21 3 2.23606797749979
21 4 31.38470965295043
21 5 28.600699292150182
21 6 30.4138126514911
21 7 5.385164807134504
21 8 36.24913792078372
21 9 28.635642126552707
21 10 31.78049716414141
21 11 52.630789467763066
21 12 39.698866482558415
21 13 17.26267650163207
21 14 33.301651610693426
21 15 13.92838827718412
21 16 23.08679276123039
21 17 28.160255680657446
21 18 31.89043743820395
21 19 43.965895873961216
21 20 15.0
21 21 0.0
21 22 27.294688127912362
21 23 37.12142238654117
21 24 41.617304093369626
21 25 45.65084884205331
21 26 48.82622246293481
21 27 23.430749027719962
21 28 35.608987629529715
21 29 44.10215414239989
21 30 11.180339887498949
21 31 18.027756377319946
21 32 23.345235059857504
21 33 25.238858928247925
21 34 20.8806130178211
21 35 43.56604182158393
21 36 47.885279575251516
21 37 23.40939982143925
21 38 21.633307652783937
21 39 41.0
21 40 48.373546489791295
21 41 20.248456731316587
21 42 2.23606797749979
21 43 37.94733192202055
21 44 32.7566787083184
21 45 41.88078318274385
21 46 26.40075756488817
21 47 21.213203435596427
21 48 11.045361017187261
21 49 32.38826948140329
21 50 37.64306044943742
21 51 11.661903789690601
21 52 7.280109889280518
21 53 35.22782990761707
21 54 21.2602916254693
21 55 10.63014581273465
21 56 43.86342439892262
21 57 20.0
21 58 30.265491900843113
21 59 40.70626487409524
21 60 16.1245154965971
21 61 33.24154027718932
21 62 37.48332962798263
21 63 46.69047011971501
21 64 26.68332812825267
21 65 11.180339887498949
21 66 33.61547262794322
21 67 44.721359549995796
21 68 19.026297590440446
21 69 44.28317965096906
21 70 26.1725046566048
22 1 65.62011886609167
22 2 59.77457653551382
22 3 28.071337695236398
22 4 56.568542494923804
22 5 51.62363799656123
22 6 51.264022471905186
22 7 32.0624390837628
22 8 31.38470965295043
22 9 53.600373133029585
22 10 56.71860364994893
22 11 73.92563831310488
22 12 59.033888572581766
22 13 44.553338819890925
22 14 53.31041174104736
22 15 16.64331697709324
22 16 31.400636936215164
22 17 29.832867780352597
22 18 52.0
22 19 71.06335201775947
22 20 19.697715603592208
22 21 27.294688127912362
22 22 0.0
22 23 30.675723300355934
22 24 30.14962686336267
22 25 60.802960454241045
22 26 71.16881339463234
22 27 25.059928172283335
22 28 54.56189146281496
22 29 67.05221845696084
22 30 25.96150997149434
22 31 45.27692569068709
22 32 41.10960958218893
22 33 51.264022471905186
22 34 48.05205510693585
22 35 33.24154027718932
22 36 38.2099463490856
22 37 49.16299421312742
22 38 12.041594578792296
22 39 68.24954212300622
22 40 74.46475676452586
22 41 26.40075756488817
22 42 28.635642126552707
22 43 63.50590523722971
22 44 34.40930106817051
22 45 67.62396025078685
22 46 13.416407864998739
22 47 29.410882339705484
22 48 16.76305461424021
22 49 35.608987629529715
22 50 49.678969393496885
22 51 25.238858928247925
22 52 29.154759474226502
22 53 58.240879114244144
22 54 23.853720883753127
22 55 36.68787265568828
22 56 68.4470598345904
22 57 47.16990566028302
22 58 57.55866572463264
22 59 67.06713054842886
22 60 13.601470508735444
22 61 57.30619512757761
22 62 58.309518948453004
22 63 66.18912297349165
22 64 10.04987562112089
22 65 29.154759474226502
22 66 30.4138126514911
22 67 36.6742416417845
22 68 46.2709412050371
22 69 45.65084884205331
22 70 48.08326112068523
23 1 66.85057965343307
23 2 66.46803743153546
23 3 35.84689665786984
23 4 50.566787519082126
23 5 65.5133574166368
23 6 39.56008088970496
23 7 38.01315561749642
23 8 2.0
23 9 47.853944456021594
23 10 50.15974481593781
23 11 58.0
23 12 43.104524124504614
23 13 49.51767361255979
23 14 39.81205847478876
23 15 38.2099463490856
23 16 18.027756377319946
23 17 10.816653826391969
23 18 39.05124837953327
23 19 74.81310045707235
23 20 22.47220505424423
23 21 37.12142238654117
23 22 30.675723300355934
23 23 0.0
23 24 7.0710678118654755
23 25 39.6232255123179
23 26 57.21887800367987
23 27 51.03920062069938
23 28 39.319206502675
23 29 54.74486277268398
23 30 26.627053911388696
23 31 48.79549159502341
23 32 59.80802621722272
23 33 60.440052945046304
23 34 53.75872022286245
23 35 7.211102550927978
23 36 10.816653826391969
23 37 46.32493928760188
23 38 21.02379604162864
23 39 70.80254232723568
23 40 82.03657720797473
23 41 50.35871324805669
23 42 39.35733730830886
23 43 57.0087712549569
23 44 10.04987562112089
23 45 76.4198926981712
23 46 17.46424919657298
23 47 18.439088914585774
23 48 34.52535300326414
23 49 12.041594578792296
23 50 28.160255680657446
23 51 44.384682042344295
23 52 32.202484376209235
23 53 47.80167361086848
23 54 49.09175083453431
23 55 47.16990566028302
23 56 58.9406481131655
23 57 49.57822102496216
23 58 59.81638571495272
23 59 74.24957912338628
23 60 25.179356624028344
23 61 69.63476143421474
23 62 44.553338819890925
23 63 49.01020301937138
23 64 40.024992192379
23 65 46.486557196677836
23 66 4.47213595499958
23 67 7.615773105863909
23 68 49.51767361255979
23 69 16.278820596099706
23 70 39.0
24 1 73.24616030891995
24 2 72.24956747275377
24 3 40.607881008493905
24 4 57.38466694161429
24 5 70.21395872616783
24 6 46.57252408878007
24 7 43.18564576337837
24 8 9.055385138137417
24 9 54.62600113499065
24 10 57.0087712549569
24 11 65.00769185258002
24 12 50.15974481593781
24 13 55.226805085936306
24 14 46.87216658103186
24 15 40.52159917870962
24 16 24.596747752497688
24 17 17.46424919657298
24 18 46.09772228646444
24 19 81.02468759581859
24 20 26.627053911388696
24 21 41.617304093369626
24 22 30.14962686336267
24 23 7.0710678118654755
24 24 0.0
24 25 46.389654018972806
24 26 64.28063471995279
24 27 52.773099207835045
24 28 46.389654018972806
24 29 61.814237842102365
24 30 31.827660925679098
24 31 54.67174773134658
24 32 63.50590523722971
24 33 65.79513659838392
24 34 59.464274989274024
24 35 3.1622776601683795
24 36 8.06225774829855
24 37 52.839379254491625
24 38 22.80350850198276
24 39 77.10382610480494
24 40 87.86353054595519
24 41 52.630789467763066
24 42 43.829214001622255
24 43 63.90618123468183
24 44 17.11724276862369
24 45 82.03657720797473
24 46 18.24828759089466
24 47 24.698178070456937
24 48 37.33630940518894
24 49 19.1049731745428
24 50 35.05709628591621
24 51 47.53945729601885
24 52 37.48332962798263
24 53 54.817880294662984
24 54 50.99019513592785
24 55 52.009614495783374
24 56 65.96969000988257
24 57 55.60575509783138
24 58 66.03029607687671
24 59 80.05623023850174
24 60 27.85677655436824
24 61 74.65252842335616
24 62 51.62363799656123
24 63 56.0
24 64 40.049968789001575
24 65 50.08991914547278
24 66 11.40175425099138
24 67 7.211102550927978
24 68 55.44366510251645
24 69 21.470910553583888
24 70 45.880278987817846
25 1 47.75981574503821
25 2 54.589376255824725
25 3 43.41658669218482
25 4 28.861739379323623
25 5 63.198101237299845
25 6 18.027756377319946
25 7 41.6293165929973
25 8 37.656340767525464
25 9 28.284271247461902
25 10 27.892651361962706
25 11 20.248456731316587
25 12 10.770329614269007
25 13 43.289721643826724
25 14 15.0
25 15 57.0087712549569
25 16 29.410882339705484
25 17 32.69556544854363
25 18 16.0312195418814
25 19 56.64803615307419
25 20 41.773197148410844
25 21 45.65084884205331
25 22 60.802960454241045
25 23 39.6232255123179
25 24 46.389654018972806
25 25 0.0
25 26 21.633307652783937
25 27 68.79680225126747
25 28 12.0
25 29 21.93171219946131
25 30 37.64306044943742
25 31 41.19465984809196
25 32 65.52098900352466
25 33 54.00925846556311
25 34 46.04345773288535
25 35 45.09988913511872
25 36 45.044422518220834
25 37 32.0
25 38 48.82622246293481
25 39 52.20153254455275
25 40 67.05221845696084
25 41 65.86349520030045
25 42 46.95742752749558
25 43 31.304951684997057
25 44 30.083217912982647
25 45 64.32728814430156
25 46 49.24428900898052
25 47 31.400636936215164
25 48 52.630789467763066
25 49 28.160255680657446
25 50 11.704699910719626
25 51 57.30619512757761
25 52 38.58756276314948
25 53 21.18962010041709
25 54 66.57326790837296
25 55 49.040799340956916
25 56 28.42534080710379
25 57 40.049968789001575
25 58 44.721359549995796
25 59 60.63827174318213
25 60 48.16637831516918
25 61 64.00781202322104
25 62 14.866068747318506
25 63 11.661903789690601
