1 1 0.0
1 2 60.0
1 3 30.4138126514911
1 4 41.0
1 5 44.01136216933077
1 6 44.01136216933077
1 7 21.2602916254693
1 8 14.866068747318506
1 9 32.57299494980466
1 10 46.32493928760188
1 11 10.0
1 12 26.90724809414742
1 13 45.70557952810576
1 14 32.202484376209235
1 15 62.625873247404705
1 16 10.63014581273465
1 17 53.36665625650534
1 18 60.21627686929839
1 19 30.675723300355934
1 20 52.23983154643591
1 21 30.805843601498726
1 22 9.848857801796104
1 23 36.05551275463989
1 24 13.416407864998739
1 25 49.92995093127971
1 26 51.0098029794274
1 27 42.42640687119285
1 28 59.53990258641679
1 29 16.55294535724685
1 30 18.027756377319946
1 31 43.60045871318328
1 32 62.96824596572466
1 33 28.635642126552707
1 34 49.76946855251722
1 35 31.78049716414141
1 36 46.06517122512408
1 37 57.28001396647874
1 38 9.848857801796104
1 39 22.47220505424423
1 40 22.67156809750927
1 41 21.213203435596427
1 42 23.769728648009426
1 43 49.24428900898052
1 44 21.02379604162864
1 45 49.64876634922564
1 46 51.85556864985669
1 47 28.178005607210743
1 48 62.433965115151864
1 49 24.20743687382041
1 50 31.78049716414141
1 51 17.72004514666935
1 52 45.254833995939045
1 53 33.1058907144937
1 54 19.209372712298546
1 55 54.48853090330111
1 56 36.6742416417845
1 57 19.313207915827967
1 58 52.81098370604357
1 59 18.681541692269406
1 60 47.16990566028302
1 61 45.27692569068709
1 62 35.22782990761707
1 63 20.024984394500787
1 64 23.706539182259394
1 65 36.05551275463989
1 66 35.35533905932738
1 67 21.633307652783937
1 68 36.069377593742864
1 69 26.0
1 70 44.77722635447622
1 71 22.02271554554524
1 72 40.311288741492746
1 73 50.32891812864648
1 74 33.61547262794322
1 75 57.42821606144492
1 76 25.553864678361276
1 77 23.40939982143925
1 78 28.071337695236398
1 79 55.54277630799526
1 80 10.198039027185569
2 1 60.0
2 2 0.0
2 3 44.77722635447622
2 4 36.6742416417845
2 5 52.46903848937962
2 6 35.22782990761707
2 7 59.36328831862332
2 8 60.440052945046304
2 9 38.3275357934736
2 10 14.212670403551895
2 11 52.3450093132096
2 12 70.3420215802759
2 13 56.71860364994893
2 14 92.20086767487604
2 15 3.1622776601683795
2 16 61.71709649683789
2 17 24.331050121192877
2 18 1.4142135623730951
2 19 49.76946855251722
2 20 31.25699921617557
2 21 89.87213138676528
2 22 51.62363799656123
2 23 24.08318915758459
2 24 46.861498055439924
2 25 10.816653826391969
2 26 37.12142238654117
2 27 42.42640687119285
2 28 65.12296062065974
2 29 65.43699259593154
2 30 52.20153254455275
2 31 22.02271554554524
2 32 7.280109889280518
2 33 77.79460135510689
2 34 30.675723300355934
2 35 78.54934754662193
2 36 57.42821606144492
2 37 9.433981132056603
2 38 55.86591089385369
2 39 71.16881339463234
2 40 82.3286098510111
2 41 79.25906888173743
2 42 77.07788269017254
2 43 16.278820596099706
2 44 49.33558553417604
2 45 57.48912940721924
2 46 15.524174696260024
2 47 76.53757247260981
2 48 5.830951894845301
2 49 65.25335240430181
2 50 52.55473337388365
2 51 43.840620433565945
2 52 16.492422502470642
2 53 28.42534080710379
2 54 58.249463516842795
2 55 11.704699910719626
2 56 44.64302857109943
2 57 41.72529209005013
2 58 53.03772242470448
2 59 75.66372975210778
2 60 19.4164878389476
2 61 17.26267650163207
2 62 70.77428911688199
2 63 76.47875521999558
2 64 36.796738985948195
2 65 58.82176467941097
2 66 43.01162633521314
2 67 40.24922359499622
2 68 64.8459713474939
2 69 59.22837157984339
2 70 19.313207915827967
2 71 64.8459713474939
2 72 28.0178514522438
2 73 10.44030650891055
2 74 91.92388155425118
2 75 3.1622776601683795
2 76 84.17244204607586
2 77 80.62257748298549
2 78 39.44616584663204
2 79 23.769728648009426
2 80 69.33974329343886
3 1 30.4138126514911
3 2 44.77722635447622
3 3 0.0
3 4 12.083045973594572
3 5 15.556349186104045
3 6 15.231546211727817
3 7 16.64331697709324
3 8 20.8806130178211
3 9 41.182520563948
3 10 31.32091952673165
3 11 20.615528128088304
3 12 55.036351623268054
3 13 62.80127387243033
3 14 57.723478758647246
3 15 47.92702786528704
3 16 39.21734310225516
3 17 27.80287754891569
3 18 44.28317965096906
3 19 5.0990195135927845
3 20 24.166091947189145
3 21 52.0
3 22 29.5296461204668
3 23 25.0
3 24 21.095023109728988
3 25 34.17601498127012
3 26 21.37755832643195
3 27 52.773099207835045
3 28 32.55764119219941
3 29 25.079872407968907
3 30 38.600518131237564
3 31 40.19950248448356
3 32 50.59644256269407
3 33 58.52349955359813
3 34 52.172789842982326
3 35 34.713109915419565
3 36 19.4164878389476
3 37 47.07440918375928
3 38 21.02379604162864
3 39 51.86520991955976
3 40 46.57252408878007
3 41 51.03920062069938
3 42 54.12947441089743
3 43 29.154759474226502
3 44 38.948684188300895
3 45 66.03029607687671
3 46 45.09988913511872
3 47 57.87054518492115
3 48 44.41846462902562
3 49 51.0
3 50 8.06225774829855
3 51 16.401219466856727
3 52 37.05401462729781
3 53 19.0
3 54 16.55294535724685
3 55 45.5411901469428
3 56 6.324555320336759
3 57 16.97056274847714
3 58 23.323807579381203
3 59 37.33630940518894
3 60 26.076809620810597
3 61 38.01315561749642
3 62 26.0
3 63 50.35871324805669
3 64 18.35755975068582
3 65 15.0
3 66 5.0
3 67 29.206163733020468
3 68 20.396078054371138
3 69 49.4064773081425
3 70 25.495097567963924
3 71 49.193495504995376
3 72 41.23105625617661
3 73 38.8329756778952
3 74 52.773099207835045
3 75 41.6293165929973
3 76 46.238512086787566
3 77 41.6293165929973
3 78 7.280109889280518
3 79 30.0
3 80 40.11234224026316
4 1 41.0
4 2 36.6742416417845
4 3 12.083045973594572
4 4 0.0
4 5 16.0
4 6 3.1622776601683795
4 7 28.653097563788805
4 8 32.89376840679705
4 9 43.840620433565945
4 10 25.079872407968907
4 11 31.0
4 12 63.60031446463138
4 13 66.52818951391959
4 14 69.6419413859206
4 15 39.81205847478876
4 16 48.662100242385755
4 17 16.278820596099706
4 18 35.90264614203248
4 19 15.620499351813308
4 20 12.083045973594572
4 21 64.07807737440318
4 22 38.07886552931954
4 23 22.825424421026653
4 24 29.614185789921695
4 25 27.018512172212592
4 26 10.04987562112089
4 27 54.67174773134658
4 28 31.016124838541646
4 29 37.16180835212409
4 30 45.69463863518345
4 31 38.07886552931954
4 32 43.289721643826724
4 33 68.06614430096654
4 34 50.99019513592785
4 35 46.010868281309364
4 36 21.0
4 37 41.012193308819754
4 38 32.2490309931942
4 39 61.18823416311342
4 40 58.52349955359813
4 41 62.07253821135398
4 42 64.28063471995279
4 43 20.396078054371138
4 44 45.17742799230607
4 45 69.29646455628166
4 46 40.792156108742276
4 47 67.26812023536856
4 48 35.11409973215888
4 49 59.135437767890075
4 50 17.69180601295413
4 51 24.515301344262525
4 52 33.24154027718932
4 53 17.804493814764857
4 54 28.635642126552707
4 55 40.19950248448356
4 56 8.602325267042627
4 57 24.041630560342615
4 58 19.235384061671343
4 59 49.39635614091387
4 60 17.26267650163207
4 61 34.48187929913333
4 62 35.805027579936315
4 63 61.00819617067857
4 64 22.825424421026653
4 65 22.825424421026653
4 66 7.810249675906654
4 67 34.132096331752024
4 68 29.154759474226502
4 69 56.36488268416781
4 70 18.0
4 71 57.56735185849702
4 72 40.8166632639171
4 73 33.13608305156178
4 74 64.8459713474939
4 75 33.54101966249684
4 76 58.309518948453004
4 77 53.71219600798314
4 78 13.152946437965905
4 79 18.384776310850235
4 80 51.03920062069938
5 1 44.01136216933077
5 2 52.46903848937962
5 3 15.556349186104045
5 4 16.0
5 5 0.0
5 6 17.26267650163207
5 7 25.079872407968907
5 8 31.400636936215164
5 9 56.302753041036986
5 10 41.048751503547585
5 11 34.88552708502482
5 12 69.83552104767315
5 13 78.24321056807422
5 14 67.06713054842886
5 15 55.57877292636101
5 16 53.665631459994955
5 17 30.083217912982647
5 18 51.62363799656123
5 19 13.416407864998739
5 20 23.706539182259394
5 21 59.682493245507096
5 22 44.654227123532216
5 23 37.64306044943742
5 24 36.40054944640259
5 25 43.01162633521314
5 26 18.027756377319946
5 27 67.7421582177598
5 28 17.029386365926403
5 29 34.0147027033899
5 30 54.037024344425184
5 31 53.16013544000805
5 32 59.21148537234985
5 33 72.61542535852834
5 34 65.7875368135941
5 35 37.16180835212409
5 36 5.0
5 37 57.0087712549569
5 38 34.17601498127012
5 39 66.2117814289874
5 40 56.00892785976178
5 41 63.34824385884742
5 42 67.67569726275453
5 43 36.22154055254967
5 44 54.48853090330111
5 45 81.40024569987489
5 46 56.568542494923804
5 47 72.09022125087424
5 48 50.44799302251776
5 49 66.03786792439622
5 50 12.36931687685298
5 51 31.89043743820395
5 52 48.83646178829912
5 53 31.953090617340916
5 54 26.30589287593181
5 55 56.142675390472796
5 56 10.295630140987
5 57 32.526911934581186
5 58 9.055385138137417
5 59 46.04345773288535
5 60 33.13608305156178
5 61 50.00999900019995
5 62 24.698178070456937
5 63 63.324560795950255
5 64 33.60059523282288
5 65 11.704699910719626
5 66 12.529964086141668
5 67 44.68780594300866
5 68 17.4928556845359
5 69 64.81512169239521
5 70 34.0
5 71 64.1404708432983
5 72 55.154328932550705
5 73 49.09175083453431
5 74 59.43904440685432
5 75 49.36598018878993
5 76 54.3323108288245
5 77 49.36598018878993
5 78 22.20360331117452
5 79 31.78049716414141
5 80 52.88667128870941
6 1 44.01136216933077
6 2 35.22782990761707
6 3 15.231546211727817
6 4 3.1622776601683795
6 5 17.26267650163207
6 6 0.0
6 7 31.76476034853718
6 8 36.05551275463989
6 9 45.34313619501854
6 10 24.515301344262525
6 11 34.0147027033899
6 12 66.21933252457322
6 13 68.11754546370561
6 14 72.80109889280519
6 15 38.3275357934736
6 16 51.478150704935004
6 17 13.601470508735444
6 18 34.36568055487916
6 19 18.601075237738275
6 20 8.94427190999916
6 21 67.23094525588644
6 22 40.792156108742276
6 23 23.600847442411894
6 24 32.38826948140329
6 25 26.076809620810597
6 26 7.280109889280518
6 27 55.90169943749474
6 28 31.04834939252005
6 29 40.311288741492746
6 30 48.104053883222775
6 31 38.47076812334269
6 32 42.04759208325728
6 33 70.8590149522275
6 34 51.478150704935004
6 35 48.91829923454004
6 36 22.20360331117452
6 37 40.19950248448356
6 38 35.35533905932738
6 39 63.953107821277925
6 40 61.68468205316454
6 41 65.12296062065974
6 42 67.1863081289633
6 43 19.026297590440446
6 44 47.4236228055175
6 45 70.76722405181653
6 46 40.52159917870962
6 47 70.03570517957252
6 48 33.24154027718932
6 49 61.68468205316454
6 50 20.518284528683193
6 51 27.294688127912362
6 52 33.24154027718932
6 53 19.1049731745428
6 54 31.78049716414141
6 55 39.6232255123179
6 56 11.313708498984761
6 57 26.68332812825267
6 58 18.973665961010276
6 59 52.55473337388365
6 60 16.0
6 61 34.539832078341085
6 62 38.41874542459709
6 63 64.0
6 64 25.079872407968907
6 65 25.238858928247925
6 66 10.816653826391969
6 67 36.235341863986875
6 68 31.622776601683793
6 69 58.69412236331676
6 70 17.26267650163207
6 71 60.166435825965294
6 72 41.617304093369626
6 73 32.55764119219941
6 74 67.97793759742936
6 75 32.14031735997639
6 76 61.465437442517235
6 77 56.859475903318
6 78 16.0312195418814
6 79 15.620499351813308
6 80 54.08326913195984
7 1 21.2602916254693
7 2 59.36328831862332
7 3 16.64331697709324
7 4 28.653097563788805
7 5 25.079872407968907
7 6 31.76476034853718
7 7 0.0
7 8 6.708203932499369
7 9 45.39823785126467
7 10 45.27692569068709
7 11 15.231546211727817
7 12 48.16637831516918
7 13 63.694583757176716
7 14 42.2965719651132
7 15 62.433965115151864
7 16 31.827660925679098
7 17 44.40720662234904
7 18 59.07622195096772
7 19 13.601470508735444
7 20 40.70626487409524
7 21 35.73513677041127
7 22 25.942243542145693
7 23 36.76955262170047
7 24 20.396078054371138
7 25 48.54894437575342
7 26 37.33630940518894
7 27 56.88585061331157
7 28 39.0
7 29 9.055385138137417
7 30 36.235341863986875
7 31 50.00999900019995
7 32 64.41273166075166
7 33 49.39635614091387
7 34 60.07495318350236
7 35 19.235384061671343
7 36 25.96150997149434
7 37 60.00833275470999
7 38 12.206555615733702
7 39 43.60045871318328
7 40 31.144823004794873
7 41 38.600518131237564
7 42 43.829214001622255
7 43 44.68780594300866
7 44 38.07886552931954
7 45 67.4166151627327
7 46 56.61271941887264
7 47 49.09175083453431
7 48 59.81638571495272
7 49 45.27692569068709
7 50 13.038404810405298
7 51 19.026297590440446
7 52 48.703182647543684
7 53 31.304951684997057
7 54 2.23606797749979
7 55 57.9396237474839
7 56 21.18962010041709
7 57 21.095023109728988
7 58 34.132096331752024
7 59 21.37755832643195
7 60 41.773197148410844
7 61 49.33558553417604
7 62 15.524174696260024
7 63 39.0
7 64 25.495097567963924
7 65 15.231546211727817
7 66 21.02379604162864
7 67 32.2490309931942
7 68 14.866068747318506
7 69 46.04345773288535
7 70 40.607881008493905
7 71 43.139309220245984
7 72 49.16299421312742
7 73 51.894122981316485
7 74 36.24913792078372
7 75 56.302753041036986
7 76 30.083217912982647
7 77 25.298221281347036
7 78 20.0
7 79 46.61544808322666
7 80 28.635642126552707
8 1 14.866068747318506
8 2 60.440052945046304
8 3 20.8806130178211
8 4 32.89376840679705
8 5 31.400636936215164
8 6 36.05551275463989
8 7 6.708203932499369
8 8 0.0
8 9 42.0
8 10 46.22769732530488
8 11 11.0
8 12 41.72529209005013
8 13 58.82176467941097
8 14 36.87817782917155
8 15 63.41135544995076
8 16 25.495097567963924
8 17 47.885279575251516
8 18 60.30754513325841
8 19 19.026297590440446
8 20 44.94441010848846
8 21 31.304951684997057
8 22 20.8806130178211
8 23 36.89173349139343
8 24 17.11724276862369
8 25 49.678969393496885
8 26 42.20189569201838
8 27 53.150729063673246
8 28 45.69463863518345
8 29 5.0
8 30 31.016124838541646
8 31 48.703182647543684
8 32 64.89992295835181
8 33 42.720018726587654
8 34 57.706152185014034
8 35 20.223748416156685
8 36 32.57299494980466
8 37 60.03332407921454
8 38 7.0710678118654755
8 39 37.013511046643494
8 40 25.709920264364882
8 41 32.01562118716424
8 42 37.12142238654117
8 43 46.75467891024384
8 44 33.24154027718932
8 45 62.6418390534633
8 46 55.94640292279746
8 47 42.43819034784589
8 48 61.5223536610881
8 49 39.05124837953327
8 50 19.1049731745428
8 51 17.46424919657298
8 52 48.30113870293329
8 53 32.01562118716424
8 54 5.0990195135927845
8 55 57.706152185014034
8 56 26.30589287593181
8 57 19.697715603592208
8 58 40.44749683231337
8 59 16.55294535724685
8 60 44.04543109109048
8 61 48.75448697299562
8 62 20.591260281974
8 63 32.31098884280702
8 64 24.596747752497688
8 65 21.93171219946131
8 66 25.709920264364882
8 67 29.068883707497267
8 68 21.2602916254693
8 69 40.311288741492746
8 70 42.44997055358225
8 71 36.87817782917155
8 72 47.07440918375928
8 73 52.15361924162119
8 74 32.449961479175904
8 75 57.48912940721924
8 76 25.495097567963924
8 77 21.095023109728988
8 78 22.20360331117452
8 79 50.11985634456667
8 80 21.93171219946131
9 1 32.57299494980466
9 2 38.3275357934736
9 3 41.182520563948
9 4 43.840620433565945
9 5 56.302753041036986
9 6 45.34313619501854
9 7 45.39823785126467
9 8 42.0
9 9 0.0
9 10 29.614185789921695
9 11 31.0
9 12 32.69556544854363
9 13 22.80350850198276
9 14 61.61168720299745
9 15 39.81205847478876
9 16 28.600699292150182
9 17 46.09772228646444
9 18 39.20459156782532
9 19 45.18849411078001
9 20 49.39635614091387
9 21 62.609903369994115
9 22 22.80350850198276
9 23 22.825424421026653
9 24 25.079872407968907
9 25 32.2490309931942
9 26 52.009614495783374
9 27 11.704699910719626
9 28 73.23933369440222
9 29 46.09772228646444
9 30 17.029386365926403
9 31 16.492422502470642
9 32 37.94733192202055
9 33 40.70626487409524
9 34 17.4928556845359
9 35 62.07253821135398
9 36 60.53924347066124
9 37 31.622776601683793
9 38 35.014282800023196
9 39 34.66987164671943
9 40 54.120236510939236
9 41 46.010868281309364
9 42 41.400483088968905
9 43 36.68787265568828
9 44 13.45362404707371
9 45 25.45584412271571
9 46 24.698178070456937
9 47 39.35733730830886
9 48 43.04648650006177
9 49 27.730849247724095
9 50 47.92702786528704
9 51 26.92582403567252
9 52 22.02271554554524
9 53 26.248809496813376
9 54 43.289721643826724
9 55 28.460498941515414
9 56 46.04345773288535
9 57 25.298221281347036
9 58 62.48199740725323
9 59 51.24451190127583
9 60 36.76955262170047
9 61 21.095023109728988
9 62 60.8276253029822
9 63 42.42640687119285
9 64 22.825424421026653
9 65 54.78138369920935
9 66 43.829214001622255
9 67 13.152946437965905
9 68 58.240879114244144
9 69 21.18962010041709
9 70 33.61547262794322
9 71 27.784887978899608
9 72 10.770329614269007
9 73 28.071337695236398
9 74 65.79513659838392
9 75 37.05401462729781
9 76 57.77542730261716
9 77 55.97320787662612
9 78 34.132096331752024
9 79 47.53945729601885
9 80 38.58756276314948
10 1 46.32493928760188
10 2 14.212670403551895
10 3 31.32091952673165
10 4 25.079872407968907
10 5 41.048751503547585
10 6 24.515301344262525
10 7 45.27692569068709
10 8 46.22769732530488
10 9 29.614185789921695
10 10 0.0
10 11 38.28837943815329
10 12 59.413803110051795
10 13 51.07837115648854
10 14 78.49203781276162
10 15 17.204650534085253
10 16 49.040799340956916
10 17 18.384776310850235
10 18 14.142135623730951
10 19 36.40054944640259
10 20 23.853720883753127
10 21 75.82216034906945
10 22 38.48376280978771
10 23 10.295630140987
10 24 33.015148038438355
10 25 3.605551275463989
10 26 28.635642126552707
10 27 37.12142238654117
10 28 55.54277630799526
10 29 51.22499389946279
10 30 40.607881008493905
10 31 16.401219466856727
10 32 19.313207915827967
10 33 66.2872536767062
10 34 29.0
10 35 64.4980619863884
10 36 46.04345773288535
10 37 16.0312195418814
10 38 41.72529209005013
10 39 59.43904440685432
10 40 68.41052550594829
10 41 66.2117814289874
10 42 64.8459713474939
10 43 7.810249675906654
10 44 38.2099463490856
10 45 52.773099207835045
10 46 16.15549442140351
10 47 65.11528238439882
10 48 16.1245154965971
10 49 54.3323108288245
10 50 39.293765408777
10 51 29.732137494637012
10 52 9.899494936611665
10 53 14.212670403551895
10 54 44.10215414239989
10 55 15.132745950421556
10 56 32.14031735997639
10 57 27.65863337187866
10 58 43.41658669218482
10 59 61.5223536610881
10 60 9.433981132056603
10 61 11.313708498984761
10 62 57.245087125446844
10 63 63.694583757176716
10 64 22.80350850198276
10 65 45.89117562233506
10 66 30.265491900843113
10 67 27.892651361962706
10 68 51.66236541235796
10 69 49.01020301937138
10 70 7.280109889280518
10 71 53.600373133029585
10 72 21.470910553583888
10 73 8.06225774829855
10 74 77.79460135510689
10 75 11.313708498984761
10 76 70.09279563550022
10 77 66.46803743153546
10 78 25.495097567963924
10 79 19.209372712298546
10 80 55.94640292279746
11 1 10.0
11 2 52.3450093132096
11 3 20.615528128088304
11 4 31.0
11 5 34.88552708502482
11 6 34.0147027033899
11 7 15.231546211727817
11 8 11.0
11 9 31.0
11 10 38.28837943815329
11 11 0.0
11 12 34.9857113690718
11 13 48.46648326421054
11 14 40.70626487409524
11 15 55.154328932550705
11 16 18.788294228055936
11 17 43.68065933568311
11 18 52.40229002629561
11 19 21.470910553583888
11 20 42.2965719651132
11 21 37.53664875824692
11 22 10.816653826391969
11 23 28.284271247461902
11 24 6.324555320336759
11 25 41.86884283091664
11 26 41.012193308819754
11 27 42.190046219457976
11 28 51.03920062069938
11 29 15.297058540778355
11 30 21.095023109728988
11 31 38.48376280978771
11 32 56.08029957123981
11 33 37.94733192202055
11 34 46.87216658103186
11 35 31.144823004794873
11 36 37.44329045369811
11 37 50.80354318352215
11 38 4.123105625617661
11 39 31.38470965295043
11 40 30.23243291566195
11 41 31.144823004794873
11 42 33.54101966249684
11 43 40.311288741492746
11 44 22.847319317591726
11 45 52.20153254455275
11 46 46.14108798023731
11 47 37.33630940518894
11 48 54.20332093147061
11 49 31.400636936215164
11 50 23.021728866442675
11 51 8.602325267042627
11 52 38.8329756778952
11 53 24.413111231467404
11 54 13.0
11 55 48.25971404805462
11 56 26.92582403567252
11 57 10.63014581273465
11 58 43.46262762420146
11 59 23.430749027719962
11 60 38.01315561749642
11 61 39.11521443121589
11 62 30.675723300355934
11 63 30.01666203960727
11 64 15.556349186104045
11 65 28.284271247461902
11 66 25.495097567963924
11 67 18.110770276274835
11 68 29.68164415931166
11 69 31.240998703626616
11 70 35.84689665786984
11 71 29.410882339705484
11 72 36.40054944640259
11 73 43.278170016764804
11 74 39.6232255123179
11 75 49.57822102496216
11 76 31.827660925679098
11 77 28.42534080710379
11 78 18.110770276274835
11 79 45.880278987817846
11 80 20.09975124224178
12 1 26.90724809414742
12 2 70.3420215802759
12 3 55.036351623268054
12 4 63.60031446463138
12 5 69.83552104767315
12 6 66.21933252457322
12 7 48.16637831516918
12 8 41.72529209005013
12 9 32.69556544854363
12 10 59.413803110051795
12 11 34.9857113690718
12 12 0.0
12 13 29.546573405388315
12 14 37.48332962798263
12 15 72.12489168102785
12 16 16.401219466856727
12 17 72.24956747275377
12 18 71.06335201775947
12 19 56.43580423808985
12 20 73.16419889536138
12 21 43.04648650006177
12 22 25.632011235952593
12 23 50.039984012787215
12 24 34.17601498127012
12 25 62.64982043070834
12 26 73.49829930005184
12 27 35.38361202590826
12 28 85.98255637046388
12 29 42.638011210655684
12 30 19.0
12 31 49.040799340956916
12 32 70.57619995437555
12 33 8.48528137423857
12 34 48.010415536631214
12 35 55.94640292279746
12 36 72.40165743959182
12 37 64.25729530566937
12 38 36.40054944640259
12 39 6.082762530298219
12 40 35.35533905932738
12 41 21.02379604162864
12 42 12.36931687685298
12 43 65.03076195155643
12 44 21.213203435596427
12 45 33.24154027718932
12 46 57.38466694161429
12 47 7.0710678118654755
12 48 74.52516353554684
12 49 5.0990195135927845
12 50 57.982756057296896
12 51 39.21734310225516
12 52 53.85164807134504
12 53 50.15974481593781
12 54 46.09772228646444
12 55 61.09828148156051
12 56 61.326992425847855
12 57 39.56008088970496
12 58 78.26237921249263
12 59 39.0
12 60 64.00781202322104
12 61 53.16013544000805
12 62 61.71709649683789
12 63 17.0
12 64 41.593268686170845
12 65 62.80127387243033
12 66 59.61543424315552
12 67 32.0
12 68 62.96824596572466
12 69 11.661903789690601
12 70 61.0
12 71 6.082762530298219
12 72 43.46262762420146
12 73 59.90826320300064
12 74 47.095647357266465
12 75 68.65857557508748
12 76 40.607881008493905
12 77 41.7612260356422
12 78 50.59644256269407
12 79 74.16872656315464
12 80 22.360679774997898
13 1 45.70557952810576
13 2 56.71860364994893
13 3 62.80127387243033
13 4 66.52818951391959
13 5 78.24321056807422
13 6 68.11754546370561
13 7 63.694583757176716
13 8 58.82176467941097
13 9 22.80350850198276
13 10 51.07837115648854
13 11 48.46648326421054
13 12 29.546573405388315
13 13 0.0
13 14 66.48308055437865
13 15 57.3149195236284
13 16 37.013511046643494
13 17 68.47627326307996
13 18 57.87054518492115
13 19 66.2872536767062
13 20 72.11102550927978
13 21 70.71067811865476
13 22 37.94733192202055
13 23 45.48626166217664
13 24 43.829214001622255
13 25 53.14132102234569
13 26 74.81310045707235
13 27 14.317821063276353
13 28 95.26804291051643
13 29 61.84658438426491
13 30 27.892651361962706
13 31 35.4400902933387
13 32 54.037024344425184
13 33 37.589892258425
13 34 27.018512172212592
13 35 77.46612162745726
13 36 82.20097323024831
13 37 48.16637831516918
13 38 51.86520991955976
13 39 34.785054261852174
13 40 62.39390995922599
13 41 49.72926703662542
13 42 41.78516483155236
13 43 58.60034129593445
13 44 25.632011235952593
13 45 4.0
13 46 41.30375285612676
13 47 36.235341863986875
13 48 62.16912416947821
13 49 26.92582403567252
13 50 68.79680225126747
13 51 47.16990566028302
13 52 42.05948168962618
13 53 49.040799340956916
13 54 61.465437442517235
13 55 45.27692569068709
13 56 68.11754546370561
13 57 46.04345773288535
13 58 84.8999411071645
13 59 63.071388124885914
13 60 59.0592922409336
13 61 40.80441152620633
13 62 79.12016177940993
13 63 45.60701700396552
13 64 44.68780594300866
13 65 75.29276193632427
13 66 65.94694837519019
13 67 33.60059523282288
13 68 77.82030583337487
13 69 21.095023109728988
13 70 55.94640292279746
13 71 28.635642126552707
13 72 29.732137494637012
13 73 47.53945729601885
13 74 74.54528824815154
13 75 56.293871780150276
13 76 67.1863081289633
13 77 67.0
13 78 56.08029957123981
13 79 69.77105417004964
13 80 47.042533945356304
14 1 32.202484376209235
14 2 92.20086767487604
14 3 57.723478758647246
14 4 69.6419413859206
14 5 67.06713054842886
14 6 72.80109889280519
14 7 42.2965719651132
14 8 36.87817782917155
14 9 61.61168720299745
14 10 78.49203781276162
14 11 40.70626487409524
14 12 37.48332962798263
14 13 66.48308055437865
14 14 0.0
14 15 94.81033698917012
14 16 33.015148038438355
14 17 83.93449827097318
14 18 92.41753080449618
14 19 55.731499172371095
14 20 81.60882305241266
14 21 10.0
14 22 41.036569057366385
14 23 68.24221567329127
14 24 45.48626166217664
14 25 82.09750300709517
14 26 79.07591289387686
14 27 68.8839603971781
14 28 78.63841300535
14 29 33.24154027718932
14 30 44.654227123532216
14 31 74.96665925596525
14 32 95.01578816175763
14 33 31.0
14 34 79.05694150420949
14 35 35.11409973215888
14 36 67.02984409947557
14 37 89.19641248391103
14 38 38.07886552931954
14 39 31.78049716414141
14 40 11.180339887498949
14 41 16.76305461424021
14 42 25.179356624028344
14 43 81.00617260431454
14 44 48.25971404805462
14 45 70.3420215802759
14 46 83.43860018001261
14 47 32.01562118716424
14 48 94.57801012920498
14 49 39.56008088970496
14 50 55.326304774492215
14 51 49.24428900898052
14 52 77.23341245859851
14 53 65.0
14 54 41.593268686170845
14 55 86.31338250816034
14 56 63.150613615387776
14 57 51.10772935672255
14 58 76.02631123499285
14 59 21.02379604162864
14 60 78.71467461661771
14 61 77.15568676384133
14 62 47.07440918375928
14 63 20.8806130178211
14 64 55.758407437802596
14 65 56.00892785976178
14 66 62.5859409132754
14 67 53.03772242470448
14 68 52.3450093132096
14 69 45.880278987817846
14 70 76.53757247260981
14 71 37.94733192202055
14 72 70.9365914038728
14 73 82.46211251235322
14 74 13.45362404707371
14 75 89.62700485902673
14 76 13.341664064126334
14 77 18.24828759089466
14 78 57.9396237474839
14 79 86.16263691415206
14 80 23.345235059857504
15 1 62.625873247404705
15 2 3.1622776601683795
15 3 47.92702786528704
15 4 39.81205847478876
15 5 55.57877292636101
15 6 38.3275357934736
15 7 62.433965115151864
15 8 63.41135544995076
15 9 39.81205847478876
15 10 17.204650534085253
15 11 55.154328932550705
15 12 72.12489168102785
15 13 57.3149195236284
15 14 94.81033698917012
15 15 0.0
15 16 64.00781202322104
15 17 27.16615541441225
15 18 4.0
15 19 52.92447448959697
15 20 34.132096331752024
15 21 92.65527507918802
15 22 54.08326913195984
15 23 26.870057685088806
15 24 49.57822102496216
15 25 13.892443989449804
15 26 40.049968789001575
15 27 43.104524124504614
15 28 68.06614430096654
15 29 68.41052550594829
15 30 54.230987451824994
15 31 23.345235059857504
15 32 5.0
15 33 79.71198153351854
15 34 30.805843601498726
15 35 81.6333265278342
15 36 60.530983801686226
15 37 9.219544457292887
15 38 58.728187440104094
15 39 73.16419889536138
15 40 85.0411665018772
15 41 81.6333265278342
15 42 79.20227269466452
15 43 19.4164878389476
15 44 51.264022471905186
15 45 57.87054518492115
15 46 16.0312195418814
15 47 78.43468620451031
15 48 7.211102550927978
15 49 67.05221845696084
15 50 55.71355310873648
15 51 46.69047011971501
15 52 18.384776310850235
15 53 31.400636936215164
15 54 61.29437168288782
15 55 12.041594578792296
15 56 47.80167361086848
15 57 44.553338819890925
15 58 56.00892785976178
15 59 78.5175139698144
15 60 22.561028345356956
15 61 18.973665961010276
15 62 73.92563831310488
15 63 78.77182237323191
15 64 39.59797974644666
15 65 61.98386886924694
15 66 46.17358552246078
15 67 42.5440947723653
15 68 68.00735254367721
15 69 60.876925020897694
15 70 22.47220505424423
15 71 66.73080248281148
15 72 29.274562336608895
15 73 12.529964086141668
15 74 94.76286192385707
15 75 6.324555320336759
15 76 86.97700845625813
15 77 83.48652585896721
15 78 42.5440947723653
15 79 26.476404589747453
15 80 71.84705978674423
16 1 10.63014581273465
16 2 61.71709649683789
16 3 39.21734310225516
16 4 48.662100242385755
16 5 53.665631459994955
16 6 51.478150704935004
16 7 31.827660925679098
16 8 25.495097567963924
16 9 28.600699292150182
16 10 49.040799340956916
16 11 18.788294228055936
16 12 16.401219466856727
16 13 37.013511046643494
16 14 33.015148038438355
16 15 64.00781202322104
16 16 0.0
16 17 59.135437767890075
16 18 62.16912416947821
16 19 40.24922359499622
16 20 59.07622195096772
16 21 34.785054261852174
16 22 11.045361017187261
16 23 38.897300677553446
16 24 19.1049731745428
16 25 52.55473337388365
16 26 58.69412236331676
16 27 36.40054944640259
16 28 69.6419413859206
16 29 26.92582403567252
16 30 11.661903789690601
16 31 42.638011210655684
16 32 63.51377803280167
16 33 19.4164878389476
16 34 46.04345773288535
16 35 41.43669871020132
16 36 56.08029957123981
16 37 57.42821606144492
16 38 20.0
16 39 12.649110640673518
16 40 26.248809496813376
16 41 17.804493814764857
16 42 16.1245154965971
16 43 53.36665625650534
16 44 15.264337522473747
16 45 41.012193308819754
16 46 51.22499389946279
16 47 18.681541692269406
16 48 65.0
16 49 13.601470508735444
16 50 41.677331968349414
16 51 24.186773244895647
16 52 45.79301256742124
16 53 37.48332962798263
16 54 29.732137494637012
16 55 54.405882034941776
16 56 45.5411901469428
16 57 25.019992006393608
16 58 62.24146527838174
16 59 26.076809620810597
16 60 51.78802950489621
16 61 45.48626166217664
16 62 45.803929962395145
16 63 14.7648230602334
16 64 28.160255680657446
16 65 46.400431032480725
16 66 43.965895873961216
16 67 21.470910553583888
16 68 46.66904755831214
16 69 16.278820596099706
16 70 49.03060268852505
16 71 11.40175425099138
16 72 38.18376618407357
16 73 51.478150704935004
16 74 38.3275357934736
16 75 59.50630218724736
16 76 30.59411708155671
16 77 30.01666203960727
16 78 35.510561809129406
16 79 61.204574992397426
16 80 10.44030650891055
17 1 53.36665625650534
17 2 24.331050121192877
17 3 27.80287754891569
17 4 16.278820596099706
17 5 30.083217912982647
17 6 13.601470508735444
17 7 44.40720662234904
17 8 47.885279575251516
17 9 46.09772228646444
17 10 18.384776310850235
17 11 43.68065933568311
17 12 72.24956747275377
17 13 68.47627326307996
17 14 83.93449827097318
17 15 27.16615541441225
17 16 59.135437767890075
17 17 0.0
17 18 23.194827009486403
17 19 31.827660925679098
17 20 7.0
17 21 79.17701686727027
17 22 48.093658625644196
17 23 23.40939982143925
17 24 40.44749683231337
17 25 18.027756377319946
17 26 13.038404810405298
17 27 54.91812087098393
17 28 41.0
17 29 52.478567053607705
17 30 53.33854141237835
17 31 34.713109915419565
17 32 31.575306807693888
17 33 78.0
17 34 47.38143096192854
17 35 62.24146527838174
17 36 34.785054261852174
17 37 31.38470965295043
17 38 45.880278987817846
17 39 71.0
17 40 73.00684899377592
17 41 74.52516353554684
17 42 75.23961722390672
17 43 10.63014581273465
17 44 51.78802950489621
17 45 70.49113419430843
17 46 33.83784863137726
17 47 77.00649323271382
17 48 21.02379604162864
17 49 67.36467917239716
17 50 33.97057550292606
17 51 35.6931365951495
17 52 28.284271247461902
17 53 22.090722034374522
17 54 44.10215414239989
17 55 31.76476034853718
17 56 24.839484696748443
17 57 34.36568055487916
17 58 29.068883707497267
17 59 64.41273166075166
17 60 9.433981132056603
17 61 29.698484809834994
17 62 52.009614495783374
17 63 72.83543093852057
17 64 31.016124838541646
17 65 38.8329756778952
17 66 24.041630560342615
17 67 40.44749683231337
17 68 45.221676218380054
17 69 63.150613615387776
17 70 12.529964086141668
17 71 66.18912297349165
17 72 39.408120990476064
17 73 25.238858928247925
17 74 80.26207074328447
17 75 21.587033144922902
17 76 73.35529974037323
17 77 68.96375859826666
17 78 26.0
17 79 2.23606797749979
17 80 63.56099432828282
18 1 60.21627686929839
18 2 1.4142135623730951
18 3 44.28317965096906
18 4 35.90264614203248
18 5 51.62363799656123
18 6 34.36568055487916
18 7 59.07622195096772
18 8 60.30754513325841
18 9 39.20459156782532
18 10 14.142135623730951
18 11 52.40229002629561
18 12 71.06335201775947
18 13 57.87054518492115
18 14 92.41753080449618
18 15 4.0
18 16 62.16912416947821
18 17 23.194827009486403
18 18 0.0
18 19 49.24428900898052
18 20 30.14962686336267
18 21 89.9388681271896
18 22 51.97114584074513
18 23 24.20743687382041
18 24 47.01063709417264
18 25 10.63014581273465
18 26 36.05551275463989
18 27 43.56604182158393
18 28 64.07027391856539
18 29 65.29931086925804
18 30 52.81098370604357
18 31 23.0
18 32 8.54400374531753
18 33 78.44743462982075
18 34 31.953090617340916
18 35 78.23042886243178
18 36 56.568542494923804
18 37 10.816653826391969
18 38 55.86591089385369
18 39 71.78439941937245
18 40 82.46211251235322
18 41 79.64923100695951
18 42 77.62087348130012
18 43 15.524174696260024
18 44 50.0
18 45 58.69412236331676
18 46 16.76305461424021
18 47 77.20103626247513
18 48 4.47213595499958
18 49 65.96969000988257
18 50 52.0
18 51 43.86342439892262
18 52 17.26267650163207
18 53 28.319604517012593
18 54 58.008620049092706
18 55 13.0
18 56 43.965895873961216
18 57 41.773197148410844
18 58 52.009614495783374
18 59 75.66372975210778
18 60 18.681541692269406
18 61 18.110770276274835
18 62 70.26378868236469
18 63 76.92203845452875
18 64 36.87817782917155
18 65 58.18934610390462
18 66 42.37924020083418
18 67 40.718546143004666
18 68 64.25729530566937
18 69 60.01666435249463
18 70 18.788294228055936
18 71 65.52098900352466
18 72 29.0
18 73 11.180339887498949
18 74 91.93475947648963
18 75 2.8284271247461903
18 76 84.21995013059554
18 77 80.61017305526642
18 78 39.11521443121589
18 79 22.561028345356956
18 80 69.6419413859206
19 1 30.675723300355934
19 2 49.76946855251722
19 3 5.0990195135927845
19 4 15.620499351813308
19 5 13.416407864998739
19 6 18.601075237738275
19 7 13.601470508735444
19 8 19.026297590440446
19 9 45.18849411078001
19 10 36.40054944640259
19 11 21.470910553583888
19 12 56.43580423808985
19 13 66.2872536767062
19 14 55.731499172371095
19 15 52.92447448959697
19 16 40.24922359499622
19 17 31.827660925679098
19 18 49.24428900898052
19 19 0.0
19 20 27.459060435491963
19 21 49.33558553417604
19 22 31.400636936215164
19 23 30.01666203960727
19 24 23.345235059857504
19 25 39.21734310225516
19 26 23.769728648009426
19 27 56.859475903318
19 28 29.832867780352597
19 29 22.561028345356956
19 30 41.036569057366385
19 31 45.09988913511872
19 32 55.65968020030299
19 33 59.23681287847955
19 34 56.88585061331157
19 35 30.4138126514911
19 36 16.278820596099706
19 37 52.172789842982326
19 38 20.8806130178211
19 39 52.80151512977634
19 40 44.553338819890925
19 41 50.48762224545735
19 42 54.405882034941776
19 43 34.0
19 44 41.773197148410844
19 45 69.6419413859206
19 46 50.15974481593781
19 47 58.69412236331676
19 48 49.24428900898052
19 49 52.69724850502159
19 50 3.0
19 51 19.209372712298546
19 52 42.1070065428546
19 53 24.020824298928627
19 54 14.142135623730951
19 55 50.635955604688654
19 56 7.615773105863909
19 57 20.248456731316587
19 58 22.135943621178654
19 59 34.92849839314596
19 60 30.886890422961002
19 61 43.04648650006177
19 62 21.02379604162864
19 63 50.21951811795888
19 64 22.47220505424423
19 65 10.04987562112089
19 66 7.810249675906654
19 67 32.7566787083184
19 68 15.297058540778355
19 69 51.73973328110612
19 70 30.463092423455635
19 71 50.774009099144415
19 72 45.89117562233506
19 73 43.93176527297759
19 74 49.76946855251722
19 75 46.61544808322666
19 76 43.68065933568311
19 77 38.897300677553446
19 78 12.041594578792296
19 79 33.97057550292606
19 80 39.81205847478876
20 1 52.23983154643591
20 2 31.25699921617557
20 3 24.166091947189145
20 4 12.083045973594572
20 5 23.706539182259394
20 6 8.94427190999916
20 7 40.70626487409524
20 8 44.94441010848846
20 9 49.39635614091387
20 10 23.853720883753127
20 11 42.2965719651132
20 12 73.16419889536138
20 13 72.11102550927978
20 14 81.60882305241266
20 15 34.132096331752024
20 16 59.07622195096772
20 17 7.0
20 18 30.14962686336267
20 19 27.459060435491963
20 20 0.0
20 21 76.15773105863909
20 22 48.16637831516918
20 23 26.627053911388696
20 24 40.01249804748511
20 25 24.166091947189145
20 26 6.082762530298219
20 27 59.033888572581766
20 28 34.0
20 29 49.24428900898052
20 30 54.57105459856901
20 31 39.698866482558415
20 32 38.47076812334269
20 33 78.31347265956222
20 34 52.630789467763066
20 35 57.62811813689564
20 36 28.231188426986208
20 37 37.94733192202055
20 38 43.93176527297759
20 39 71.34423592694787
20 40 70.51950084905593
20 41 73.43704787094863
20 42 75.0066663703967
20 43 16.55294535724685
20 44 53.45091205957107
20 45 74.4043009509531
20 46 39.824615503479755
20 47 77.41446893184762
20 48 28.0178514522438
20 49 68.4470598345904
20 50 29.206163733020468
20 51 35.0
20 52 33.60059523282288
20 53 23.769728648009426
20 54 40.718546143004666
20 55 38.07886552931954
20 56 20.0
20 57 34.058772731852805
20 58 22.090722034374522
20 59 61.465437442517235
20 60 14.422205101855956
20 61 35.0
20 62 46.69047011971501
20 63 72.11102550927978
20 64 31.575306807693888
20 65 33.301651610693426
20 66 19.72308292331602
20 67 42.05948168962618
20 68 39.698866482558415
20 69 64.8459713474939
20 70 17.029386365926403
20 71 67.08203932499369
20 72 43.86342439892262
20 73 31.304951684997057
20 74 76.92203845452875
20 75 28.442925306655784
20 76 70.3846574190711
20 77 65.79513659838392
20 78 24.186773244895647
20 79 8.246211251235321
20 80 62.39390995922599
21 1 30.805843601498726
21 2 89.87213138676528
21 3 52.0
21 4 64.07807737440318
21 5 59.682493245507096
21 6 67.23094525588644
21 7 35.73513677041127
21 8 31.304951684997057
21 9 62.609903369994115
21 10 75.82216034906945
21 11 37.53664875824692
21 12 43.04648650006177
21 13 70.71067811865476
21 14 10.0
21 15 92.65527507918802
21 16 34.785054261852174
21 17 79.17701686727027
21 18 89.9388681271896
21 19 49.33558553417604
21 20 76.15773105863909
21 21 0.0
21 22 40.496913462633174
21 23 65.79513659838392
21 24 43.139309220245984
21 25 79.39773296511683
21 26 73.05477397131553
21 27 71.16881339463234
21 28 70.11419257183242
21 29 26.92582403567252
21 30 46.238512086787566
21 31 74.4043009509531
21 32 93.38094023943002
21 33 37.8549864614954
21 34 80.06247560499239
21 35 25.709920264364882
21 36 59.135437767890075
21 37 87.86353054595519
21 38 34.20526275297414
21 39 37.013511046643494
21 40 8.54400374531753
21 41 22.20360331117452
21 42 31.400636936215164
21 43 77.42092740338364
21 44 49.76946855251722
21 45 74.67261881037788
21 46 82.61961026293939
21 47 38.63935817272331
21 48 91.67878707749138
21 49 44.10215414239989
21 50 48.507731342539614
21 51 46.09772228646444
21 52 75.82216034906945
21 53 61.84658438426491
21 54 35.4682957019364
21 55 85.14693182963201
21 56 56.92099788303083
21 57 48.16637831516918
21 58 68.46897107449476
21 59 14.7648230602334
21 60 74.88658090739622
21 61 75.92759709091287
21 62 38.2099463490856
21 63 26.076809620810597
21 64 53.075418038862395
21 65 48.25971404805462
21 66 56.64803615307419
21 67 52.43090691567332
21 68 44.0
21 69 49.64876634922564
21 70 73.00684899377592
21 71 42.190046219457976
21 72 71.02112361825881
21 73 80.62257748298549
21 74 4.123105625617661
21 75 87.11486669908874
21 76 5.830951894845301
21 77 10.44030650891055
21 78 53.33854141237835
21 79 81.41252974819048
21 80 24.351591323771842
22 1 9.848857801796104
22 2 51.62363799656123
22 3 29.5296461204668
22 4 38.07886552931954
22 5 44.654227123532216
22 6 40.792156108742276
22 7 25.942243542145693
22 8 20.8806130178211
22 9 22.80350850198276
22 10 38.48376280978771
22 11 10.816653826391969
22 12 25.632011235952593
22 13 37.94733192202055
22 14 41.036569057366385
22 15 54.08326913195984
22 16 11.045361017187261
22 17 48.093658625644196
22 18 51.97114584074513
22 19 31.400636936215164
22 20 48.16637831516918
22 21 40.496913462633174
22 22 0.0
22 23 28.231188426986208
22 24 8.54400374531753
22 25 42.04759208325728
22 26 48.05205510693585
22 27 33.06055050963308
22 28 61.220911460055866
22 29 24.186773244895647
22 30 10.295630140987
22 31 34.058772731852805
22 32 54.037024344425184
22 33 30.14962686336267
22 34 39.92492955535426
22 35 40.11234224026316
22 36 47.634021455258214
22 37 48.16637831516918
22 38 13.92838827718412
22 39 23.194827009486403
22 40 32.202484376209235
22 41 27.730849247724095
22 42 27.16615541441225
22 43 42.44997055358225
22 44 12.36931687685298
22 45 41.7612260356422
22 46 42.44997055358225
22 47 29.274562336608895
22 48 54.56189146281496
22 49 21.470910553583888
22 50 33.301651610693426
22 51 13.601470508735444
22 52 36.235341863986875
22 53 26.476404589747453
22 54 23.706539182259394
22 55 45.27692569068709
22 56 35.77708763999664
22 57 14.142135623730951
22 58 52.839379254491625
22 59 28.460498941515414
22 60 40.792156108742276
