1 1 0.0
1 2 12.36931687685298
1 3 3.0
1 4 16.278820596099706
1 5 16.64331697709324
1 6 16.401219466856727
1 7 10.295630140987
1 8 9.433981132056603
1 9 4.123105625617661
1 10 5.0
1 11 3.605551275463989
1 12 8.54400374531753
1 13 6.324555320336759
1 14 13.601470508735444
1 15 7.211102550927978
1 16 11.180339887498949
1 17 14.866068747318506
2 1 12.36931687685298
2 2 0.0
2 3 12.0
2 4 9.055385138137417
2 5 6.324555320336759
2 6 7.0710678118654755
2 7 3.605551275463989
2 8 8.94427190999916
2 9 8.94427190999916
2 10 11.40175425099138
2 11 15.231546211727817
2 12 4.0
2 13 14.317821063276353
2 14 7.0710678118654755
2 15 6.082762530298219
2 16 5.0990195135927845
2 17 2.8284271247461903
3 1 3.0
3 2 12.0
3 3 0.0
3 4 14.212670403551895
3 5 15.231546211727817
3 6 14.7648230602334
3 7 9.219544457292887
3 8 11.313708498984761
3 9 5.656854249492381
3 10 7.615773105863909
3 11 6.324555320336759
3 12 8.0
3 13 3.605551275463989
3 14 14.7648230602334
3 15 6.082762530298219
3 16 12.083045973594572
3 17 14.142135623730951
4 1 16.278820596099706
4 2 9.055385138137417
4 3 14.212670403551895
4 4 0.0
4 5 4.242640687119285
4 6 2.8284271247461903
4 7 7.280109889280518
4 8 17.26267650163207
4 9 14.7648230602334
4 10 17.88854381999832
4 11 19.849433241279208
4 12 9.486832980505138
4 13 14.317821063276353
4 14 16.1245154965971
4 15 9.433981132056603
4 16 14.0
4 17 7.615773105863909
5 1 16.64331697709324
5 2 6.324555320336759
5 3 15.231546211727817
5 4 4.242640687119285
5 5 0.0
5 6 1.4142135623730951
5 7 6.4031242374328485
5 8 15.231546211727817
5 9 14.142135623730951
5 10 17.029386365926403
5 11 20.0
5 12 8.48528137423857
5 13 16.278820596099706
5 14 13.038404810405298
5 15 9.433981132056603
5 16 11.40175425099138
5 17 4.0
6 1 16.401219466856727
6 2 7.0710678118654755
6 3 14.7648230602334
6 4 2.8284271247461903
6 5 1.4142135623730951
6 6 0.0
6 7 6.4031242374328485
6 8 15.811388300841896
6 9 14.212670403551895
6 10 17.204650534085253
6 11 19.849433241279208
6 12 8.602325267042627
6 13 15.524174696260024
6 14 14.0
6 15 9.219544457292887
6 16 12.165525060596439
6 17 5.0990195135927845
7 1 10.295630140987
7 2 3.605551275463989
7 3 9.219544457292887
7 4 7.280109889280518
7 5 6.4031242374328485
7 6 6.4031242374328485
7 7 0.0
7 8 10.04987562112089
7 9 7.810249675906654
7 10 10.816653826391969
7 11 13.601470508735444
7 12 2.23606797749979
7 13 11.045361017187261
7 14 9.848857801796104
7 15 3.1622776601683795
7 16 7.280109889280518
7 17 5.0
8 1 9.433981132056603
8 2 8.94427190999916
8 3 11.313708498984761
8 4 17.26267650163207
8 5 15.231546211727817
8 6 15.811388300841896
8 7 10.04987562112089
8 8 0.0
8 9 5.656854249492381
8 10 5.0990195135927845
8 11 10.198039027185569
8 12 8.0
8 13 14.866068747318506
8 14 5.0990195135927845
8 15 9.219544457292887
8 16 4.242640687119285
8 17 11.661903789690601
9 1 4.123105625617661
9 2 8.94427190999916
9 3 5.656854249492381
9 4 14.7648230602334
9 5 14.142135623730951
9 6 14.212670403551895
9 7 7.810249675906654
9 8 5.656854249492381
9 9 0.0
9 10 3.1622776601683795
9 11 6.324555320336759
9 12 5.656854249492381
9 13 9.219544457292887
9 14 9.486832980505138
9 15 5.385164807134504
9 16 7.0710678118654755
9 17 11.661903789690601
10 1 5.0
10 2 11.40175425099138
10 3 7.615773105863909
10 4 17.88854381999832
10 5 17.029386365926403
10 6 17.204650534085253
10 7 10.816653826391969
10 8 5.0990195135927845
10 9 3.1622776601683795
10 10 0.0
10 11 5.0990195135927845
10 12 8.602325267042627
10 13 11.180339887498949
10 14 10.0
10 15 8.54400374531753
10 16 8.246211251235321
10 17 14.212670403551895
11 1 3.605551275463989
11 2 15.231546211727817
11 3 6.324555320336759
11 4 19.849433241279208
11 5 20.0
11 6 19.849433241279208
11 7 13.601470508735444
11 8 10.198039027185569
11 9 6.324555320336759
11 10 5.0990195135927845
11 11 0.0
11 12 11.661903789690601
11 13 9.0
11 14 15.033296378372908
11 15 10.63014581273465
11 16 13.038404810405298
11 17 17.88854381999832
12 1 8.54400374531753
12 2 4.0
12 3 8.0
12 4 9.486832980505138
12 5 8.48528137423857
12 6 8.602325267042627
12 7 2.23606797749979
12 8 8.0
12 9 5.656854249492381
12 10 8.602325267042627
12 11 11.661903789690601
12 12 0.0
12 13 10.44030650891055
12 14 8.602325267042627
12 15 2.23606797749979
12 16 5.830951894845301
12 17 6.324555320336759
13 1 6.324555320336759
13 2 14.317821063276353
13 3 3.605551275463989
13 4 14.317821063276353
13 5 16.278820596099706
13 6 15.524174696260024
13 7 11.045361017187261
13 8 14.866068747318506
13 9 9.219544457292887
13 10 11.180339887498949
13 11 9.0
13 12 10.44030650891055
13 13 0.0
13 14 18.027756377319946
13 15 8.246211251235321
13 16 15.264337522473747
13 17 16.0312195418814
14 1 13.601470508735444
14 2 7.0710678118654755
14 3 14.7648230602334
14 4 16.1245154965971
14 5 13.038404810405298
14 6 14.0
14 7 9.848857801796104
14 8 5.0990195135927845
14 9 9.486832980505138
14 10 10.0
14 11 15.033296378372908
14 12 8.602325267042627
14 13 18.027756377319946
14 14 0.0
14 15 10.63014581273465
14 16 2.8284271247461903
14 17 9.055385138137417
15 1 7.211102550927978
15 2 6.082762530298219
15 3 6.082762530298219
15 4 9.433981132056603
15 5 9.433981132056603
15 6 9.219544457292887
15 7 3.1622776601683795
15 8 9.219544457292887
15 9 5.385164807134504
15 10 8.54400374531753
15 11 10.63014581273465
15 12 2.23606797749979
15 13 8.246211251235321
15 14 10.63014581273465
15 15 0.0
15 16 7.810249675906654
15 17 8.06225774829855
16 1 11.180339887498949
16 2 5.0990195135927845
16 3 12.083045973594572
16 4 14.0
16 5 11.40175425099138
16 6 12.165525060596439
16 7 7.280109889280518
16 8 4.242640687119285
16 9 7.0710678118654755
16 10 8.246211251235321
16 11 13.038404810405298
16 12 5.830951894845301
16 13 15.264337522473747
16 14 2.8284271247461903
16 15 7.810249675906654
16 16 0.0
16 17 7.615773105863909
17 1 14.866068747318506
17 2 2.8284271247461903
17 3 14.142135623730951
17 4 7.615773105863909
17 5 4.0
17 6 5.0990195135927845
17 7 5.0
17 8 11.661903789690601
17 9 11.661903789690601
17 10 14.212670403551895
17 11 17.88854381999832
17 12 6.324555320336759
17 13 16.0312195418814
17 14 9.055385138137417
17 15 8.06225774829855
17 16 7.615773105863909
17 17 0.0
