1 1 0.0
1 2 12.529964086141668
1 3 12.165525060596439
1 4 7.280109889280518
1 5 7.810249675906654
1 6 4.47213595499958
1 7 8.54400374531753
1 8 7.280109889280518
1 9 6.324555320336759
1 10 9.899494936611665
1 11 8.54400374531753
1 12 5.0
1 13 10.816653826391969
1 14 7.0
1 15 8.94427190999916
1 16 9.055385138137417
2 1 12.529964086141668
2 2 0.0
2 3 8.06225774829855
2 4 15.811388300841896
2 5 6.0
2 6 10.63014581273465
2 7 16.1245154965971
2 8 5.656854249492381
2 9 6.4031242374328485
2 10 13.601470508735444
2 11 8.246211251235321
2 12 7.615773105863909
2 13 12.165525060596439
2 14 17.029386365926403
2 15 15.652475842498529
2 16 5.385164807134504
3 1 12.165525060596439
3 2 8.06225774829855
3 3 0.0
3 4 11.180339887498949
3 5 10.63014581273465
3 6 8.0
3 7 10.816653826391969
3 8 6.4031242374328485
3 9 7.211102550927978
3 10 7.0710678118654755
3 11 13.45362404707371
3 12 9.433981132056603
3 13 5.0
3 14 13.0
3 15 10.0
3 16 4.242640687119285
4 1 7.280109889280518
4 2 15.811388300841896
4 3 11.180339887498949
4 4 0.0
4 5 13.341664064126334
4 6 5.385164807134504
4 7 1.4142135623730951
4 8 10.295630140987
4 9 9.848857801796104
4 10 5.0
4 11 15.033296378372908
4 12 10.198039027185569
4 13 7.0710678118654755
4 14 2.0
4 15 2.23606797749979
4 16 10.63014581273465
5 1 7.810249675906654
5 2 6.0
5 3 10.63014581273465
5 4 13.341664064126334
5 5 0.0
5 6 8.06225774829855
5 7 14.142135623730951
5 8 4.47213595499958
5 9 4.123105625617661
5 10 13.152946437965905
5 11 2.8284271247461903
5 12 3.1622776601683795
5 13 12.649110640673518
5 14 13.92838827718412
5 15 14.035668847618199
5 16 6.4031242374328485
6 1 4.47213595499958
6 2 10.63014581273465
6 3 8.0
6 4 5.385164807134504
6 5 8.06225774829855
6 6 0.0
6 7 6.082762530298219
6 8 5.0
6 9 4.47213595499958
6 10 5.830951894845301
6 11 10.04987562112089
6 12 5.0
6 13 6.4031242374328485
6 14 6.4031242374328485
6 15 6.0
6 16 5.830951894845301
7 1 8.54400374531753
7 2 16.1245154965971
7 3 10.816653826391969
7 4 1.4142135623730951
7 5 14.142135623730951
7 6 6.082762530298219
7 7 0.0
7 8 10.770329614269007
7 9 10.44030650891055
7 10 4.123105625617661
7 11 16.0
7 12 11.045361017187261
7 13 6.324555320336759
7 14 3.1622776601683795
7 15 1.0
7 16 10.816653826391969
8 1 7.280109889280518
8 2 5.656854249492381
8 3 6.4031242374328485
8 4 10.295630140987
8 5 4.47213595499958
8 6 5.0
8 7 10.770329614269007
8 8 0.0
8 9 1.0
8 10 9.0
8 11 7.211102550927978
8 12 3.1622776601683795
8 13 8.246211251235321
8 14 11.40175425099138
8 15 10.44030650891055
8 16 2.23606797749979
9 1 6.324555320336759
9 2 6.4031242374328485
9 3 7.211102550927978
9 4 9.848857801796104
9 5 4.123105625617661
9 6 4.47213595499958
9 7 10.44030650891055
9 8 1.0
9 9 0.0
9 10 9.055385138137417
9 11 6.708203932499369
9 12 2.23606797749979
9 13 8.54400374531753
9 14 10.816653826391969
9 15 10.198039027185569
9 16 3.1622776601683795
10 1 9.899494936611665
10 2 13.601470508735444
10 3 7.0710678118654755
10 4 5.0
10 5 13.152946437965905
10 6 5.830951894845301
10 7 4.123105625617661
10 8 9.0
10 9 9.055385138137417
10 10 0.0
10 11 15.524174696260024
10 12 10.44030650891055
10 13 2.23606797749979
10 14 7.0
10 15 3.1622776601683795
10 16 8.246211251235321
11 1 8.54400374531753
11 2 8.246211251235321
11 3 13.45362404707371
11 4 15.033296378372908
11 5 2.8284271247461903
11 6 10.04987562112089
11 7 16.0
11 8 7.211102550927978
11 9 6.708203932499369
11 10 15.524174696260024
11 11 0.0
11 12 5.0990195135927845
11 13 15.231546211727817
11 14 15.297058540778355
11 15 16.0312195418814
11 16 9.219544457292887
12 1 5.0
12 2 7.615773105863909
12 3 9.433981132056603
12 4 10.198039027185569
12 5 3.1622776601683795
12 6 5.0
12 7 11.045361017187261
12 8 3.1622776601683795
12 9 2.23606797749979
12 10 10.44030650891055
12 11 5.0990195135927845
12 12 0.0
12 13 10.295630140987
12 14 10.770329614269007
12 15 11.0
12 16 5.385164807134504
13 1 10.816653826391969
13 2 12.165525060596439
13 3 5.0
13 4 7.0710678118654755
13 5 12.649110640673518
13 6 6.4031242374328485
13 7 6.324555320336759
13 8 8.246211251235321
13 9 8.54400374531753
13 10 2.23606797749979
13 11 15.231546211727817
13 12 10.295630140987
13 13 0.0
13 14 9.055385138137417
13 15 5.385164807134504
13 16 7.0
14 1 7.0
14 2 17.029386365926403
14 3 13.0
14 4 2.0
14 5 13.92838827718412
14 6 6.4031242374328485
14 7 3.1622776601683795
14 8 11.40175425099138
14 9 10.816653826391969
14 10 7.0
14 11 15.297058540778355
14 12 10.770329614269007
14 13 9.055385138137417
14 14 0.0
14 15 4.123105625617661
14 16 12.041594578792296
15 1 8.94427190999916
15 2 15.652475842498529
15 3 10.0
15 4 2.23606797749979
15 5 14.035668847618199
15 6 6.0
15 7 1.0
15 8 10.44030650891055
15 9 10.198039027185569
15 10 3.1622776601683795
15 11 16.0312195418814
15 12 11.0
15 13 5.385164807134504
15 14 4.123105625617661
15 15 0.0
15 16 10.295630140987
16 1 9.055385138137417
16 2 5.385164807134504
16 3 4.242640687119285
16 4 10.63014581273465
16 5 6.4031242374328485
16 6 5.830951894845301
16 7 10.816653826391969
16 8 2.23606797749979
16 9 3.1622776601683795
16 10 8.246211251235321
16 11 9.219544457292887
16 12 5.385164807134504
16 13 7.0
16 14 12.041594578792296
16 15 10.295630140987
16 16 0.0
