1 1 0.0
1 2 20.09975124224178
1 3 18.439088914585774
1 4 19.209372712298546
1 5 12.041594578792296
1 6 26.248809496813376
1 7 6.708203932499369
1 8 12.36931687685298
1 9 12.083045973594572
1 10 9.486832980505138
1 11 12.165525060596439
1 12 16.278820596099706
1 13 21.840329667841555
1 14 18.027756377319946
1 15 13.601470508735444
1 16 19.72308292331602
1 17 9.433981132056603
1 18 26.0
1 19 10.44030650891055
1 20 8.06225774829855
1 21 13.341664064126334
1 22 2.0
1 23 26.40075756488817
1 24 28.844410203711913
1 25 19.697715603592208
1 26 21.095023109728988
1 27 11.180339887498949
1 28 12.727922061357855
1 29 25.612496949731394
1 30 15.524174696260024
2 1 20.09975124224178
2 2 0.0
2 3 6.324555320336759
2 4 11.180339887498949
2 5 16.278820596099706
2 6 15.0
2 7 26.476404589747453
2 8 8.06225774829855
2 9 19.849433241279208
2 10 11.045361017187261
2 11 22.80350850198276
2 12 16.64331697709324
2 13 8.06225774829855
2 14 26.40075756488817
2 15 10.816653826391969
2 16 8.54400374531753
2 17 18.027756377319946
2 18 8.94427190999916
2 19 20.808652046684813
2 20 18.35755975068582
2 21 25.495097567963924
2 22 20.0
2 23 14.035668847618199
2 24 14.560219778561036
2 25 10.198039027185569
2 26 18.35755975068582
2 27 22.20360331117452
2 28 15.556349186104045
2 29 14.0
2 30 7.810249675906654
3 1 18.439088914585774
3 2 6.324555320336759
3 3 0.0
3 4 16.278820596099706
3 5 11.180339887498949
3 6 21.095023109728988
3 7 24.020824298928627
3 8 9.219544457292887
3 9 14.7648230602334
3 10 11.40175425099138
3 11 17.88854381999832
3 12 10.63014581273465
3 13 3.605551275463989
3 14 29.068883707497267
3 15 13.892443989449804
3 16 14.035668847618199
3 17 13.601470508735444
3 18 15.231546211727817
3 19 16.15549442140351
3 20 14.317821063276353
3 21 27.018512172212592
3 22 18.973665961010276
3 23 20.223748416156685
3 24 20.8806130178211
3 25 4.0
3 26 23.08679276123039
3 27 17.46424919657298
3 28 10.295630140987
3 29 20.09975124224178
3 30 3.0
4 1 19.209372712298546
4 2 11.180339887498949
4 3 16.278820596099706
4 4 0.0
4 5 22.135943621178654
4 6 7.0710678118654755
4 7 25.80697580112788
4 8 9.486832980505138
4 9 25.079872407968907
4 10 10.816653826391969
4 11 27.294688127912362
4 12 24.331050121192877
4 13 18.973665961010276
4 14 17.08800749063506
4 15 5.656854249492381
4 16 2.8284271247461903
4 17 22.360679774997898
4 18 9.219544457292887
4 19 25.059928172283335
4 20 21.95449840010015
4 21 18.027756377319946
4 22 18.027756377319946
4 23 7.211102550927978
4 24 9.848857801796104
4 25 20.223748416156685
4 26 7.211102550927978
4 27 26.419689627245813
4 28 21.840329667841555
4 29 6.4031242374328485
4 30 16.0
5 1 12.041594578792296
5 2 16.278820596099706
5 3 11.180339887498949
5 4 22.135943621178654
5 5 0.0
5 6 28.635642126552707
5 7 15.231546211727817
5 8 12.649110640673518
5 9 3.605551275463989
5 10 12.041594578792296
5 11 6.708203932499369
5 12 4.242640687119285
5 13 13.341664064126334
5 14 28.460498941515414
5 15 17.26267650163207
5 16 21.02379604162864
5 17 3.1622776601683795
5 18 24.839484696748443
5 19 5.0990195135927845
5 20 4.47213595499958
5 21 24.596747752497688
5 22 13.601470508735444
5 23 28.178005607210743
5 24 29.68164415931166
5 25 10.04987562112089
5 26 27.16615541441225
5 27 6.324555320336759
5 28 1.0
5 29 27.730849247724095
5 30 8.602325267042627
6 1 26.248809496813376
6 2 15.0
6 3 21.095023109728988
6 4 7.0710678118654755
6 5 28.635642126552707
6 6 0.0
6 7 32.802438933713454
6 8 16.1245154965971
6 9 31.76476034853718
6 10 17.804493814764857
6 11 34.132096331752024
6 12 30.364452901377952
6 13 23.021728866442675
6 14 21.02379604162864
6 15 12.727922061357855
6 16 7.615773105863909
6 17 29.154759474226502
6 18 8.06225774829855
6 19 31.906112267087632
6 20 28.844410203711913
6 21 23.345235059857504
6 22 25.0
6 23 1.4142135623730951
6 24 4.123105625617661
6 25 25.079872407968907
6 26 9.055385138137417
6 27 33.28663395418648
6 28 28.231188426986208
6 29 1.0
6 30 21.587033144922902
7 1 6.708203932499369
7 2 26.476404589747453
7 3 24.020824298928627
7 4 25.80697580112788
7 5 15.231546211727817
7 6 32.802438933713454
7 7 0.0
7 8 18.973665961010276
7 9 13.601470508735444
7 10 16.15549442140351
7 11 12.041594578792296
7 12 19.235384061671343
7 13 27.16615541441225
7 14 21.587033144922902
7 15 20.248456731316587
7 16 26.419689627245813
7 17 12.083045973594572
7 18 32.69556544854363
7 19 11.40175425099138
7 20 10.770329614269007
7 21 16.278820596099706
7 22 7.810249675906654
7 23 33.015148038438355
7 24 35.510561809129406
7 25 24.515301344262525
7 26 27.018512172212592
7 27 11.313708498984761
7 28 16.15549442140351
7 29 32.202484376209235
7 30 21.02379604162864
8 1 12.36931687685298
8 2 8.06225774829855
8 3 9.219544457292887
8 4 9.486832980505138
8 5 12.649110640673518
8 6 16.1245154965971
8 7 18.973665961010276
8 8 0.0
8 9 15.652475842498529
8 10 3.0
8 11 18.027756377319946
8 12 15.033296378372908
8 13 12.727922061357855
8 14 19.849433241279208
8 15 5.0990195135927845
8 16 8.602325267042627
8 17 13.038404810405298
8 18 13.892443989449804
8 19 15.811388300841896
8 20 12.806248474865697
8 21 18.027756377319946
8 22 12.041594578792296
8 23 15.811388300841896
8 24 17.69180601295413
8 25 12.529964086141668
8 26 15.033296378372908
8 27 17.204650534085253
8 28 12.36931687685298
8 29 15.264337522473747
8 30 7.615773105863909
9 1 12.083045973594572
9 2 19.849433241279208
9 3 14.7648230602334
9 4 25.079872407968907
9 5 3.605551275463989
9 6 31.76476034853718
9 7 13.601470508735444
9 8 15.652475842498529
9 9 0.0
9 10 14.560219778561036
9 11 3.1622776601683795
9 12 6.082762530298219
9 13 16.76305461424021
9 14 29.614185789921695
9 15 19.924858845171276
9 16 24.186773244895647
9 17 3.0
9 18 28.319604517012593
9 19 2.23606797749979
9 20 4.123105625617661
9 21 25.298221281347036
9 22 13.92838827718412
9 23 31.38470965295043
9 24 33.015148038438355
9 25 13.341664064126334
9 26 29.614185789921695
9 27 3.0
9 28 4.47213595499958
9 29 30.886890422961002
9 30 12.206555615733702
10 1 9.486832980505138
10 2 11.045361017187261
10 3 11.40175425099138
10 4 10.816653826391969
10 5 12.041594578792296
10 6 17.804493814764857
10 7 16.15549442140351
10 8 3.0
10 9 14.560219778561036
10 10 0.0
10 11 16.55294535724685
10 12 15.132745950421556
10 13 15.0
10 14 18.027756377319946
10 15 5.385164807134504
10 16 10.63014581273465
10 17 11.704699910719626
10 18 16.55294535724685
10 19 14.317821063276353
10 20 11.180339887498949
10 21 15.620499351813308
10 22 9.055385138137417
10 23 17.69180601295413
10 24 19.849433241279208
10 25 14.212670403551895
10 26 15.132745950421556
10 27 15.652475842498529
10 28 12.0
10 29 17.029386365926403
10 30 9.219544457292887
11 1 12.165525060596439
11 2 22.80350850198276
11 3 17.88854381999832
11 4 27.294688127912362
11 5 6.708203932499369
11 6 34.132096331752024
11 7 12.041594578792296
11 8 18.027756377319946
11 9 3.1622776601683795
11 10 16.55294535724685
11 11 0.0
11 12 9.0
11 13 19.924858845171276
11 14 30.14962686336267
11 15 21.93171219946131
11 16 26.627053911388696
11 17 5.0
11 18 31.11269837220809
11 19 2.23606797749979
11 20 5.385164807134504
11 21 25.495097567963924
11 22 14.142135623730951
11 23 33.83784863137726
11 24 35.608987629529715
11 25 16.492422502470642
11 26 31.32091952673165
11 27 1.0
11 28 7.615773105863909
11 29 33.28663395418648
11 30 15.264337522473747
12 1 16.278820596099706
12 2 16.64331697709324
12 3 10.63014581273465
12 4 24.331050121192877
12 5 4.242640687119285
12 6 30.364452901377952
12 7 19.235384061671343
12 8 15.033296378372908
12 9 6.082762530298219
12 10 15.132745950421556
12 11 9.0
12 12 0.0
12 13 11.661903789690601
12 14 32.31098884280702
12 15 20.0
12 16 22.80350850198276
12 17 7.211102550927978
12 18 25.553864678361276
12 19 8.246211251235321
12 20 8.602325267042627
12 21 28.653097563788805
12 22 17.804493814764857
12 23 29.732137494637012
12 24 30.870698080866262
12 25 8.06225774829855
12 26 30.0
12 27 9.055385138137417
12 28 3.605551275463989
12 29 29.410882339705484
12 30 8.94427190999916
13 1 21.840329667841555
13 2 8.06225774829855
13 3 3.605551275463989
13 4 18.973665961010276
13 5 13.341664064126334
13 6 23.021728866442675
13 7 27.16615541441225
13 8 12.727922061357855
13 9 16.76305461424021
13 10 15.0
13 11 19.924858845171276
13 12 11.661903789690601
13 13 0.0
13 14 32.55764119219941
13 15 17.204650534085253
13 16 16.492422502470642
13 17 16.1245154965971
13 18 16.278820596099706
13 19 18.439088914585774
13 20 17.029386365926403
13 21 30.610455730027933
13 22 22.47220505424423
13 23 22.0
13 24 22.20360331117452
13 25 3.605551275463989
13 26 26.0
13 27 19.6468827043885
13 28 12.36931687685298
13 29 22.02271554554524
13 30 6.324555320336759
14 1 18.027756377319946
14 2 26.40075756488817
14 3 29.068883707497267
14 4 17.08800749063506
14 5 28.460498941515414
14 6 21.02379604162864
14 7 21.587033144922902
14 8 19.849433241279208
14 9 29.614185789921695
14 10 18.027756377319946
14 11 30.14962686336267
14 12 32.31098884280702
14 13 32.55764119219941
14 14 0.0
14 15 15.620499351813308
14 16 19.697715603592208
14 17 26.68332812825267
14 18 26.248809496813376
14 19 28.284271247461902
14 20 25.495097567963924
14 21 5.385164807134504
14 22 16.0312195418814
14 23 22.090722034374522
14 24 25.079872407968907
14 25 32.202484376209235
14 26 12.0
14 27 29.154759474226502
14 28 28.792360097775937
14 29 21.095023109728988
14 30 27.202941017470888
15 1 13.601470508735444
15 2 10.816653826391969
15 3 13.892443989449804
15 4 5.656854249492381
15 5 17.26267650163207
15 6 12.727922061357855
15 7 20.248456731316587
15 8 5.0990195135927845
15 9 19.924858845171276
15 10 5.385164807134504
15 11 21.93171219946131
15 12 20.0
15 13 17.204650534085253
15 14 15.620499351813308
15 15 0.0
15 16 6.324555320336759
15 17 17.08800749063506
15 18 13.152946437965905
15 19 19.697715603592208
15 20 16.55294535724685
15 21 14.866068747318506
15 22 12.529964086141668
15 23 12.806248474865697
15 24 15.264337522473747
15 25 17.46424919657298
15 26 10.0
15 27 21.02379604162864
15 28 17.11724276862369
15 29 12.041594578792296
15 30 12.649110640673518
16 1 19.72308292331602
16 2 8.54400374531753
16 3 14.035668847618199
16 4 2.8284271247461903
16 5 21.02379604162864
16 6 7.615773105863909
16 7 26.419689627245813
16 8 8.602325267042627
16 9 24.186773244895647
16 10 10.63014581273465
16 11 26.627053911388696
16 12 22.80350850198276
16 13 16.492422502470642
16 14 19.697715603592208
16 15 6.324555320336759
16 16 0.0
16 17 21.633307652783937
16 18 7.0
16 19 24.413111231467404
16 20 21.400934559032695
16 21 20.223748416156685
16 22 18.788294228055936
16 23 7.211102550927978
16 24 9.219544457292887
16 25 18.027756377319946
16 26 10.0
16 27 25.80697580112788
16 28 20.615528128088304
16 29 6.708203932499369
16 30 14.142135623730951
17 1 9.433981132056603
17 2 18.027756377319946
17 3 13.601470508735444
17 4 22.360679774997898
17 5 3.1622776601683795
17 6 29.154759474226502
17 7 12.083045973594572
17 8 13.038404810405298
17 9 3.0
17 10 11.704699910719626
17 11 5.0
17 12 7.211102550927978
17 13 16.1245154965971
17 14 26.68332812825267
17 15 17.08800749063506
17 16 21.633307652783937
17 17 0.0
17 18 26.1725046566048
17 19 2.8284271247461903
17 20 1.4142135623730951
17 21 22.47220505424423
17 22 11.180339887498949
17 23 28.844410203711913
17 24 30.610455730027933
17 25 13.0
17 26 26.68332812825267
17 27 4.242640687119285
17 28 4.123105625617661
17 29 28.30194339616981
17 30 10.770329614269007
18 1 26.0
18 2 8.94427190999916
18 3 15.231546211727817
18 4 9.219544457292887
18 5 24.839484696748443
18 6 8.06225774829855
18 7 32.69556544854363
18 8 13.892443989449804
18 9 28.319604517012593
18 10 16.55294535724685
18 11 31.11269837220809
18 12 25.553864678361276
18 13 16.278820596099706
18 14 26.248809496813376
18 15 13.152946437965905
18 16 7.0
18 17 26.1725046566048
18 18 0.0
18 19 29.0
18 20 26.248809496813376
18 21 27.16615541441225
18 22 25.298221281347036
18 23 6.708203932499369
18 24 6.0
18 25 18.973665961010276
18 26 15.264337522473747
18 27 30.4138126514911
18 28 24.20743687382041
18 29 7.211102550927978
18 30 16.64331697709324
19 1 10.44030650891055
19 2 20.808652046684813
19 3 16.15549442140351
19 4 25.059928172283335
19 5 5.0990195135927845
19 6 31.906112267087632
19 7 11.40175425099138
19 8 15.811388300841896
19 9 2.23606797749979
19 10 14.317821063276353
19 11 2.23606797749979
19 12 8.246211251235321
19 13 18.439088914585774
19 14 28.284271247461902
19 15 19.697715603592208
19 16 24.413111231467404
19 17 2.8284271247461903
19 18 29.0
19 19 0.0
19 20 3.1622776601683795
19 21 23.769728648009426
19 22 12.36931687685298
19 23 31.622776601683793
19 24 33.421549934136806
19 25 15.132745950421556
19 26 29.120439557122072
19 27 1.4142135623730951
19 28 6.082762530298219
19 29 31.064449134018133
19 30 13.416407864998739
20 1 8.06225774829855
20 2 18.35755975068582
20 3 14.317821063276353
20 4 21.95449840010015
20 5 4.47213595499958
20 6 28.844410203711913
20 7 10.770329614269007
20 8 12.806248474865697
20 9 4.123105625617661
20 10 11.180339887498949
20 11 5.385164807134504
20 12 8.602325267042627
20 13 17.029386365926403
20 14 25.495097567963924
20 15 16.55294535724685
20 16 21.400934559032695
20 17 1.4142135623730951
20 18 26.248809496813376
20 19 3.1622776601683795
20 20 0.0
20 21 21.18962010041709
20 22 9.848857801796104
20 23 28.600699292150182
20 24 30.479501308256342
20 25 14.035668847618199
20 26 25.96150997149434
20 27 4.47213595499958
20 28 5.385164807134504
20 29 28.0178514522438
20 30 11.40175425099138
21 1 13.341664064126334
21 2 25.495097567963924
21 3 27.018512172212592
21 4 18.027756377319946
21 5 24.596747752497688
21 6 23.345235059857504
21 7 16.278820596099706
21 8 18.027756377319946
21 9 25.298221281347036
21 10 15.620499351813308
21 11 25.495097567963924
21 12 28.653097563788805
21 13 30.610455730027933
21 14 5.385164807134504
21 15 14.866068747318506
21 16 20.223748416156685
21 17 22.47220505424423
21 18 27.16615541441225
21 19 23.769728648009426
21 20 21.18962010041709
21 21 0.0
21 22 11.40175425099138
21 23 24.186773244895647
21 24 27.16615541441225
21 25 29.698484809834994
21 26 14.866068747318506
21 27 24.515301344262525
21 28 25.059928172283335
21 29 23.194827009486403
21 30 24.758836806279895
22 1 2.0
22 2 20.0
22 3 18.973665961010276
22 4 18.027756377319946
22 5 13.601470508735444
22 6 25.0
22 7 7.810249675906654
22 8 12.041594578792296
22 9 13.92838827718412
22 10 9.055385138137417
22 11 14.142135623730951
22 12 17.804493814764857
22 13 22.47220505424423
22 14 16.0312195418814
22 15 12.529964086141668
22 16 18.788294228055936
22 17 11.180339887498949
22 18 25.298221281347036
22 19 12.36931687685298
22 20 9.848857801796104
22 21 11.40175425099138
22 22 0.0
22 23 25.238858928247925
22 24 27.784887978899608
22 25 20.591260281974
22 26 19.4164878389476
22 27 13.152946437965905
22 28 14.212670403551895
22 29 24.413111231467404
22 30 16.15549442140351
23 1 26.40075756488817
23 2 14.035668847618199
23 3 20.223748416156685
23 4 7.211102550927978
23 5 28.178005607210743
23 6 1.4142135623730951
23 7 33.015148038438355
23 8 15.811388300841896
23 9 31.38470965295043
23 10 17.69180601295413
23 11 33.83784863137726
23 12 29.732137494637012
23 13 22.0
23 14 22.090722034374522
23 15 12.806248474865697
23 16 7.211102550927978
23 17 28.844410203711913
23 18 6.708203932499369
23 19 31.622776601683793
23 20 28.600699292150182
23 21 24.186773244895647
23 22 25.238858928247925
23 23 0.0
23 24 3.0
23 25 24.186773244895647
23 26 10.198039027185569
23 27 33.015148038438355
23 28 27.730849247724095
23 29 1.0
23 30 20.8806130178211
24 1 28.844410203711913
24 2 14.560219778561036
24 3 20.8806130178211
24 4 9.848857801796104
24 5 29.68164415931166
24 6 4.123105625617661
24 7 35.510561809129406
24 8 17.69180601295413
24 9 33.015148038438355
24 10 19.849433241279208
24 11 35.608987629529715
24 12 30.870698080866262
24 13 22.20360331117452
24 14 25.079872407968907
24 15 15.264337522473747
24 16 9.219544457292887
24 17 30.610455730027933
24 18 6.0
24 19 33.421549934136806
24 20 30.479501308256342
24 21 27.16615541441225
24 22 27.784887978899608
24 23 3.0
24 24 0.0
24 25 24.73863375370596
24 26 13.152946437965905
24 27 34.828149534535996
24 28 29.154759474226502
24 29 4.0
24 30 21.93171219946131
25 1 19.697715603592208
25 2 10.198039027185569
25 3 4.0
25 4 20.223748416156685
25 5 10.04987562112089
25 6 25.079872407968907
25 7 24.515301344262525
25 8 12.529964086141668
25 9 13.341664064126334
25 10 14.212670403551895
25 11 16.492422502470642
25 12 8.06225774829855
25 13 3.605551275463989
25 14 32.202484376209235
25 15 17.46424919657298
25 16 18.027756377319946
25 17 13.0
25 18 18.973665961010276
25 19 15.132745950421556
25 20 14.035668847618199
25 21 29.698484809834994
25 22 20.591260281974
25 23 24.186773244895647
25 24 24.73863375370596
25 25 0.0
25 26 26.92582403567252
25 27 16.278820596099706
25 28 9.055385138137417
25 29 24.08318915758459
25 30 5.0
26 1 21.095023109728988
26 2 18.35755975068582
26 3 23.08679276123039
26 4 7.211102550927978
26 5 27.16615541441225
26 6 9.055385138137417
26 7 27.018512172212592
26 8 15.033296378372908
26 9 29.614185789921695
26 10 15.132745950421556
26 11 31.32091952673165
26 12 30.0
26 13 26.0
26 14 12.0
26 15 10.0
26 16 10.0
26 17 26.68332812825267
26 18 15.264337522473747
26 19 29.120439557122072
26 20 25.96150997149434
26 21 14.866068747318506
26 22 19.4164878389476
26 23 10.198039027185569
26 24 13.152946437965905
26 25 26.92582403567252
26 26 0.0
26 27 30.364452901377952
26 28 27.073972741361768
26 29 9.219544457292887
26 30 22.360679774997898
27 1 11.180339887498949
27 2 22.20360331117452
27 3 17.46424919657298
27 4 26.419689627245813
27 5 6.324555320336759
27 6 33.28663395418648
27 7 11.313708498984761
27 8 17.204650534085253
27 9 3.0
27 10 15.652475842498529
27 11 1.0
27 12 9.055385138137417
27 13 19.6468827043885
27 14 29.154759474226502
27 15 21.02379604162864
27 16 25.80697580112788
27 17 4.242640687119285
27 18 30.4138126514911
27 19 1.4142135623730951
27 20 4.47213595499958
27 21 24.515301344262525
27 22 13.152946437965905
27 23 33.015148038438355
27 24 34.828149534535996
27 25 16.278820596099706
27 26 30.364452901377952
27 27 0.0
27 28 7.280109889280518
27 29 32.449961479175904
27 30 14.7648230602334
28 1 12.727922061357855
28 2 15.556349186104045
28 3 10.295630140987
28 4 21.840329667841555
28 5 1.0
28 6 28.231188426986208
28 7 16.15549442140351
28 8 12.36931687685298
28 9 4.47213595499958
28 10 12.0
28 11 7.615773105863909
28 12 3.605551275463989
28 13 12.36931687685298
28 14 28.792360097775937
28 15 17.11724276862369
28 16 20.615528128088304
28 17 4.123105625617661
28 18 24.20743687382041
28 19 6.082762530298219
28 20 5.385164807134504
28 21 25.059928172283335
28 22 14.212670403551895
28 23 27.730849247724095
28 24 29.154759474226502
28 25 9.055385138137417
28 26 27.073972741361768
28 27 7.280109889280518
28 28 0.0
28 29 27.313000567495326
28 30 7.810249675906654
29 1 25.612496949731394
29 2 14.0
29 3 20.09975124224178
29 4 6.4031242374328485
29 5 27.730849247724095
29 6 1.0
29 7 32.202484376209235
29 8 15.264337522473747
29 9 30.886890422961002
29 10 17.029386365926403
29 11 33.28663395418648
29 12 29.410882339705484
29 13 22.02271554554524
29 14 21.095023109728988
29 15 12.041594578792296
29 16 6.708203932499369
29 17 28.30194339616981
29 18 7.211102550927978
29 19 31.064449134018133
29 20 28.0178514522438
29 21 23.194827009486403
29 22 24.413111231467404
29 23 1.0
29 24 4.0
29 25 24.08318915758459
29 26 9.219544457292887
29 27 32.449961479175904
29 28 27.313000567495326
29 29 0.0
29 30 20.615528128088304
30 1 15.524174696260024
30 2 7.810249675906654
30 3 3.0
30 4 16.0
30 5 8.602325267042627
30 6 21.587033144922902
30 7 21.02379604162864
30 8 7.615773105863909
30 9 12.206555615733702
30 10 9.219544457292887
30 11 15.264337522473747
30 12 8.94427190999916
30 13 6.324555320336759
30 14 27.202941017470888
30 15 12.649110640673518
30 16 14.142135623730951
30 17 10.770329614269007
30 18 16.64331697709324
30 19 13.416407864998739
30 20 11.40175425099138
30 21 24.758836806279895
30 22 16.15549442140351
30 23 20.8806130178211
30 24 21.93171219946131
30 25 5.0
30 26 22.360679774997898
30 27 14.7648230602334
30 28 7.810249675906654
30 29 20.615528128088304
30 30 0.0
