1 1 0.0
1 2 5.0
1 3 8.06225774829855
1 4 8.54400374531753
1 5 4.0
1 6 7.211102550927978
1 7 3.605551275463989
1 8 3.1622776601683795
1 9 3.605551275463989
1 10 6.4031242374328485
1 11 5.0990195135927845
1 12 2.23606797749979
1 13 10.44030650891055
1 14 10.770329614269007
2 1 5.0
2 2 0.0
2 3 8.94427190999916
2 4 13.416407864998739
2 5 8.54400374531753
2 6 8.54400374531753
2 7 2.0
2 8 8.06225774829855
2 9 6.0
2 10 8.0
2 11 3.605551275463989
2 12 3.1622776601683795
2 13 15.231546211727817
2 14 15.652475842498529
3 1 8.06225774829855
3 2 8.94427190999916
3 3 0.0
3 4 10.770329614269007
3 5 7.0
3 6 1.0
3 7 7.211102550927978
3 8 8.06225774829855
3 9 4.47213595499958
3 10 14.422205101855956
3 11 5.385164807134504
3 12 7.0710678118654755
3 13 11.661903789690601
3 14 12.529964086141668
4 1 8.54400374531753
4 2 13.416407864998739
4 3 10.770329614269007
4 4 0.0
4 5 5.0
4 6 9.848857801796104
4 7 11.661903789690601
4 8 5.385164807134504
4 9 8.48528137423857
4 10 12.165525060596439
4 11 12.041594578792296
4 12 10.295630140987
4 13 2.0
4 14 2.23606797749979
5 1 4.0
5 2 8.54400374531753
5 3 7.0
5 4 5.0
5 5 0.0
5 6 6.0
5 7 6.708203932499369
5 8 1.4142135623730951
5 9 3.605551275463989
5 10 9.433981132056603
5 11 7.0710678118654755
5 12 5.385164807134504
5 13 6.708203932499369
5 14 7.211102550927978
6 1 7.211102550927978
6 2 8.54400374531753
6 3 1.0
6 4 9.848857801796104
6 5 6.0
6 6 0.0
6 7 6.708203932499369
6 8 7.0710678118654755
6 9 3.605551275463989
6 10 13.601470508735444
6 11 5.0990195135927845
6 12 6.4031242374328485
6 13 10.816653826391969
6 14 11.661903789690601
7 1 3.605551275463989
7 2 2.0
7 3 7.211102550927978
7 4 11.661903789690601
7 5 6.708203932499369
7 6 6.708203932499369
7 7 0.0
7 8 6.4031242374328485
7 9 4.0
7 10 8.246211251235321
7 11 2.23606797749979
7 12 1.4142135623730951
7 13 13.416407864998739
7 14 13.892443989449804
8 1 3.1622776601683795
8 2 8.06225774829855
8 3 8.06225774829855
8 4 5.385164807134504
8 5 1.4142135623730951
8 6 7.0710678118654755
8 7 6.4031242374328485
8 8 0.0
8 9 4.123105625617661
8 10 8.06225774829855
8 11 7.211102550927978
8 12 5.0
8 13 7.280109889280518
8 14 7.615773105863909
9 1 3.605551275463989
9 2 6.0
9 3 4.47213595499958
9 4 8.48528137423857
9 5 3.605551275463989
9 6 3.605551275463989
9 7 4.0
9 8 4.123105625617661
9 9 0.0
9 10 10.0
9 11 3.605551275463989
9 12 3.1622776601683795
9 13 10.0
9 14 10.63014581273465
10 1 6.4031242374328485
10 2 8.0
10 3 14.422205101855956
10 4 12.165525060596439
10 5 9.433981132056603
10 6 13.601470508735444
10 7 8.246211251235321
10 8 8.06225774829855
10 9 10.0
10 10 0.0
10 11 10.44030650891055
10 12 7.615773105863909
10 13 14.142135623730951
10 14 14.035668847618199
11 1 5.0990195135927845
11 2 3.605551275463989
11 3 5.385164807134504
11 4 12.041594578792296
11 5 7.0710678118654755
11 6 5.0990195135927845
11 7 2.23606797749979
11 8 7.211102550927978
11 9 3.605551275463989
11 10 10.44030650891055
11 11 0.0
11 12 3.0
11 13 13.601470508735444
11 14 14.212670403551895
12 1 2.23606797749979
12 2 3.1622776601683795
12 3 7.0710678118654755
12 4 10.295630140987
12 5 5.385164807134504
12 6 6.4031242374328485
12 7 1.4142135623730951
12 8 5.0
12 9 3.1622776601683795
12 10 7.615773105863909
12 11 3.0
12 12 0.0
12 13 12.083045973594572
12 14 12.529964086141668
13 1 10.44030650891055
13 2 15.231546211727817
13 3 11.661903789690601
13 4 2.0
13 5 6.708203932499369
13 6 10.816653826391969
13 7 13.416407864998739
13 8 7.280109889280518
13 9 10.0
13 10 14.142135623730951
13 11 13.601470508735444
13 12 12.083045973594572
13 13 0.0
13 14 1.0
14 1 10.770329614269007
14 2 15.652475842498529
14 3 12.529964086141668
14 4 2.23606797749979
14 5 7.211102550927978
14 6 11.661903789690601
14 7 13.892443989449804
14 8 7.615773105863909
14 9 10.63014581273465
14 10 14.035668847618199
14 11 14.212670403551895
14 12 12.529964086141668
14 13 1.0
14 14 0.0
