1 1 0.0
1 2 17.69180601295413
1 3 14.317821063276353
1 4 19.209372712298546
1 5 13.416407864998739
1 6 22.47220505424423
1 7 18.027756377319946
1 8 7.810249675906654
1 9 11.704699910719626
1 10 11.40175425099138
1 11 8.06225774829855
1 12 22.825424421026653
1 13 7.211102550927978
1 14 17.0
1 15 22.135943621178654
1 16 19.4164878389476
1 17 14.317821063276353
1 18 10.0
1 19 12.0
1 20 21.587033144922902
1 21 13.601470508735444
1 22 7.0710678118654755
1 23 11.704699910719626
1 24 15.652475842498529
1 25 17.804493814764857
1 26 12.041594578792296
1 27 26.92582403567252
1 28 8.94427190999916
1 29 19.697715603592208
1 30 15.811388300841896
2 1 17.69180601295413
2 2 0.0
2 3 7.0710678118654755
2 4 24.08318915758459
2 5 18.027756377319946
2 6 8.94427190999916
2 7 22.090722034374522
2 8 10.0
2 9 8.246211251235321
2 10 6.708203932499369
2 11 10.295630140987
2 12 7.0710678118654755
2 13 10.63014581273465
2 14 5.830951894845301
2 15 20.615528128088304
2 16 23.194827009486403
2 17 15.033296378372908
2 18 18.681541692269406
2 19 27.294688127912362
2 20 10.63014581273465
2 21 4.47213595499958
2 22 12.529964086141668
2 23 24.698178070456937
2 24 6.324555320336759
2 25 2.8284271247461903
2 26 20.396078054371138
2 27 23.021728866442675
2 28 16.76305461424021
2 29 6.4031242374328485
2 30 21.0
3 1 14.317821063276353
3 2 7.0710678118654755
3 3 0.0
3 4 26.570660511172846
3 5 19.924858845171276
3 6 15.811388300841896
3 7 24.698178070456937
3 8 7.0710678118654755
3 9 10.295630140987
3 10 4.123105625617661
3 11 6.324555320336759
3 12 14.142135623730951
3 13 9.0
3 14 2.8284271247461903
3 15 25.0
3 16 26.0
3 17 17.88854381999832
3 18 19.1049731745428
3 19 25.709920264364882
3 20 17.0
3 21 7.0710678118654755
3 22 12.041594578792296
3 23 24.08318915758459
3 24 1.4142135623730951
3 25 5.0990195135927845
3 26 21.213203435596427
3 27 28.284271247461902
3 28 17.11724276862369
3 29 13.0
3 30 23.08679276123039
4 1 19.209372712298546
4 2 24.08318915758459
4 3 26.570660511172846
4 4 0.0
4 5 6.708203932499369
4 6 20.8806130178211
4 7 2.0
4 8 20.591260281974
4 9 16.492422502470642
4 10 22.47220505424423
4 11 21.95449840010015
4 12 23.53720459187964
4 13 18.35755975068582
4 14 27.892651361962706
4 15 7.810249675906654
4 16 1.4142135623730951
4 17 9.055385138137417
4 18 9.219544457292887
4 19 15.0
4 20 18.027756377319946
4 21 20.396078054371138
4 22 15.264337522473747
4 23 11.045361017187261
4 24 27.202941017470888
4 25 26.30589287593181
4 26 7.211102550927978
4 27 12.083045973594572
4 28 10.63014581273465
4 29 20.223748416156685
4 30 3.605551275463989
5 1 13.416407864998739
5 2 18.027756377319946
5 3 19.924858845171276
5 4 6.708203932499369
5 5 0.0
5 6 16.64331697709324
5 7 5.0
5 8 13.892443989449804
5 9 10.04987562112089
5 10 15.811388300841896
5 11 15.264337522473747
5 12 18.788294228055936
5 13 11.661903789690601
5 14 21.37755832643195
5 15 9.055385138137417
5 16 6.4031242374328485
5 17 3.605551275463989
5 18 4.0
5 19 13.416407864998739
5 20 14.212670403551895
5 21 14.035668847618199
5 22 8.602325267042627
5 23 9.433981132056603
5 24 20.615528128088304
5 25 20.024984394500787
5 26 3.605551275463989
5 27 14.035668847618199
5 28 4.47213595499958
5 29 15.231546211727817
5 30 3.1622776601683795
6 1 22.47220505424423
6 2 8.94427190999916
6 3 15.811388300841896
6 4 20.8806130178211
6 5 16.64331697709324
6 6 0.0
6 7 18.973665961010276
6 8 16.1245154965971
6 9 10.770329614269007
6 10 14.035668847618199
6 11 17.029386365926403
6 12 3.1622776601683795
6 13 15.524174696260024
6 14 14.7648230602334
6 15 15.0
6 16 19.6468827043885
6 17 13.038404810405298
6 18 19.1049731745428
6 19 29.0
6 20 3.0
6 21 10.0
6 22 15.652475842498529
6 23 25.495097567963924
6 24 15.231546211727817
6 25 11.661903789690601
6 26 20.0
6 27 15.811388300841896
6 28 17.69180601295413
6 29 3.0
6 30 18.788294228055936
7 1 18.027756377319946
7 2 22.090722034374522
7 3 24.698178070456937
7 4 2.0
7 5 5.0
7 6 18.973665961010276
7 7 0.0
7 8 18.867962264113206
7 9 14.560219778561036
7 10 20.615528128088304
7 11 20.248456731316587
7 12 21.587033144922902
7 13 16.64331697709324
7 14 25.96150997149434
7 15 6.708203932499369
7 16 1.4142135623730951
7 17 7.0710678118654755
7 18 8.06225774829855
7 19 15.132745950421556
7 20 16.15549442140351
7 21 18.439088914585774
7 22 13.601470508735444
7 23 11.045361017187261
7 24 25.298221281347036
7 25 24.331050121192877
7 26 6.324555320336759
7 27 11.40175425099138
7 28 9.219544457292887
7 29 18.24828759089466
7 30 2.23606797749979
8 1 7.810249675906654
8 2 10.0
8 3 7.0710678118654755
8 4 20.591260281974
8 5 13.892443989449804
8 6 16.1245154965971
8 7 18.867962264113206
8 8 0.0
8 9 6.324555320336759
8 10 3.605551275463989
8 11 1.4142135623730951
8 12 15.811388300841896
8 13 2.23606797749979
8 14 9.486832980505138
8 15 20.615528128088304
8 16 20.248456731316587
8 17 12.727922061357855
8 18 12.36931687685298
8 19 18.681541692269406
8 20 16.0312195418814
8 21 6.324555320336759
8 22 5.385164807134504
8 23 17.029386365926403
8 24 8.246211251235321
8 25 10.0
8 26 14.560219778561036
8 27 24.698178070456937
8 28 10.44030650891055
8 29 13.152946437965905
8 30 17.0
9 1 11.704699910719626
9 2 8.246211251235321
9 3 10.295630140987
9 4 16.492422502470642
9 5 10.04987562112089
9 6 10.770329614269007
9 7 14.560219778561036
9 8 6.324555320336759
9 9 0.0
9 10 6.4031242374328485
9 11 7.615773105863909
9 12 11.40175425099138
9 13 5.0
9 14 11.40175425099138
9 15 14.866068747318506
9 16 15.811388300841896
9 17 7.615773105863909
9 18 10.44030650891055
9 19 19.4164878389476
9 20 10.04987562112089
9 21 4.0
9 22 5.0
9 23 16.55294535724685
9 24 10.770329614269007
9 25 10.0
9 26 12.165525060596439
9 27 18.601075237738275
9 28 8.54400374531753
9 29 8.06225774829855
9 30 13.152946437965905
10 1 11.40175425099138
10 2 6.708203932499369
10 3 4.123105625617661
10 4 22.47220505424423
10 5 15.811388300841896
10 6 14.035668847618199
10 7 20.615528128088304
10 8 3.605551275463989
10 9 6.4031242374328485
10 10 0.0
10 11 3.605551275463989
10 12 13.152946437965905
10 13 5.0990195135927845
10 14 6.082762530298219
10 15 21.2602916254693
10 16 21.93171219946131
10 17 13.892443989449804
10 18 15.033296378372908
10 19 22.135943621178654
10 20 14.560219778561036
10 21 4.123105625617661
10 22 8.0
10 23 20.223748416156685
10 24 5.0
10 25 6.4031242374328485
10 26 17.11724276862369
10 27 24.839484696748443
10 28 13.038404810405298
10 29 11.045361017187261
10 30 18.973665961010276
11 1 8.06225774829855
11 2 10.295630140987
11 3 6.324555320336759
11 4 21.95449840010015
11 5 15.264337522473747
11 6 17.029386365926403
11 7 20.248456731316587
11 8 1.4142135623730951
11 9 7.615773105863909
11 10 3.605551275463989
11 11 0.0
11 12 16.492422502470642
11 13 3.605551275463989
11 14 8.94427190999916
11 15 22.02271554554524
11 16 21.633307652783937
11 17 14.142135623730951
11 18 13.601470508735444
11 19 19.4164878389476
11 20 17.11724276862369
11 21 7.0710678118654755
11 22 6.708203932499369
11 23 18.0
11 24 7.615773105863909
11 25 9.899494936611665
11 26 15.811388300841896
11 27 26.076809620810597
11 28 11.704699910719626
11 29 14.035668847618199
11 30 18.35755975068582
12 1 22.825424421026653
12 2 7.0710678118654755
12 3 14.142135623730951
12 4 23.53720459187964
12 5 18.788294228055936
12 6 3.1622776601683795
12 7 21.587033144922902
12 8 15.811388300841896
12 9 11.40175425099138
12 10 13.152946437965905
12 11 16.492422502470642
12 12 0.0
12 13 15.652475842498529
12 14 12.649110640673518
12 15 18.027756377319946
12 16 22.360679774997898
12 17 15.231546211727817
12 18 20.808652046684813
12 19 30.479501308256342
12 20 6.082762530298219
12 21 9.486832980505138
12 22 16.401219466856727
12 23 27.202941017470888
12 24 13.341664064126334
12 25 9.486832980505138
12 26 21.95449840010015
12 27 18.973665961010276
12 28 19.209372712298546
12 29 3.605551275463989
12 30 21.18962010041709
13 1 7.211102550927978
13 2 10.63014581273465
13 3 9.0
13 4 18.35755975068582
13 5 11.661903789690601
13 6 15.524174696260024
13 7 16.64331697709324
13 8 2.23606797749979
13 9 5.0
13 10 5.0990195135927845
13 11 3.605551275463989
13 12 15.652475842498529
13 13 0.0
13 14 11.180339887498949
13 15 18.601075237738275
13 16 18.027756377319946
13 17 10.63014581273465
13 18 10.198039027185569
13 19 17.08800749063506
13 20 15.033296378372908
13 21 6.4031242374328485
13 22 3.1622776601683795
13 23 15.132745950421556
13 24 10.04987562112089
13 25 11.180339887498949
13 26 12.36931687685298
13 27 22.825424421026653
13 28 8.246211251235321
13 29 12.649110640673518
13 30 14.7648230602334
14 1 17.0
14 2 5.830951894845301
14 3 2.8284271247461903
14 4 27.892651361962706
14 5 21.37755832643195
14 6 14.7648230602334
14 7 25.96150997149434
14 8 9.486832980505138
14 9 11.40175425099138
14 10 6.082762530298219
14 11 8.94427190999916
14 12 12.649110640673518
14 13 11.180339887498949
14 14 0.0
14 15 25.553864678361276
14 16 27.202941017470888
14 17 18.973665961010276
14 18 21.0
14 19 28.160255680657446
14 20 16.401219466856727
14 21 7.615773105863909
14 22 14.035668847618199
14 23 26.30589287593181
14 24 1.4142135623730951
14 25 3.1622776601683795
14 26 23.021728866442675
14 27 28.42534080710379
14 28 19.0
14 29 12.206555615733702
14 30 24.515301344262525
15 1 22.135943621178654
15 2 20.615528128088304
15 3 25.0
15 4 7.810249675906654
15 5 9.055385138137417
15 6 15.0
15 7 6.708203932499369
15 8 20.615528128088304
15 9 14.866068747318506
15 10 21.2602916254693
15 11 22.02271554554524
15 12 18.027756377319946
15 13 18.601075237738275
15 14 25.553864678361276
15 15 0.0
15 16 6.4031242374328485
15 17 8.06225774829855
15 18 13.038404810405298
15 19 21.587033144922902
15 20 12.0
15 21 18.027756377319946
15 22 16.1245154965971
15 23 17.46424919657298
15 24 25.238858928247925
15 25 23.259406699226016
15 26 12.041594578792296
15 27 5.0
15 28 13.341664064126334
15 29 15.297058540778355
15 30 8.246211251235321
16 1 19.4164878389476
16 2 23.194827009486403
16 3 26.0
16 4 1.4142135623730951
16 5 6.4031242374328485
16 6 19.6468827043885
16 7 1.4142135623730951
16 8 20.248456731316587
16 9 15.811388300841896
16 10 21.93171219946131
16 11 21.633307652783937
16 12 22.360679774997898
16 13 18.027756377319946
16 14 27.202941017470888
16 15 6.4031242374328485
16 16 0.0
16 17 8.246211251235321
16 18 9.433981132056603
16 19 16.0312195418814
16 20 16.76305461424021
16 21 19.6468827043885
16 22 15.0
16 23 12.0
16 24 26.570660511172846
16 25 25.495097567963924
16 26 7.615773105863909
16 27 10.770329614269007
16 28 10.63014581273465
16 29 19.1049731745428
16 30 3.605551275463989
17 1 14.317821063276353
17 2 15.033296378372908
17 3 17.88854381999832
17 4 9.055385138137417
17 5 3.605551275463989
17 6 13.038404810405298
17 7 7.0710678118654755
17 8 12.727922061357855
17 9 7.615773105863909
17 10 13.892443989449804
17 11 14.142135623730951
17 12 15.231546211727817
17 13 10.63014581273465
17 14 18.973665961010276
17 15 8.06225774829855
17 16 8.246211251235321
17 17 0.0
17 18 6.708203932499369
17 19 16.64331697709324
17 20 10.63014581273465
17 21 11.40175425099138
17 22 8.06225774829855
17 23 12.806248474865697
17 24 18.384776310850235
17 25 17.26267650163207
17 26 7.0710678118654755
17 27 12.649110640673518
17 28 6.082762530298219
17 29 11.704699910719626
17 30 6.082762530298219
18 1 10.0
18 2 18.681541692269406
18 3 19.1049731745428
18 4 9.219544457292887
18 5 4.0
18 6 19.1049731745428
18 7 8.06225774829855
18 8 12.36931687685298
18 9 10.44030650891055
18 10 15.033296378372908
18 11 13.601470508735444
18 12 20.808652046684813
18 13 10.198039027185569
18 14 21.0
18 15 13.038404810405298
18 16 9.433981132056603
18 17 6.708203932499369
18 18 0.0
18 19 10.0
18 20 17.029386365926403
18 21 14.317821063276353
18 22 7.0710678118654755
18 23 6.4031242374328485
18 24 20.024984394500787
18 25 20.223748416156685
18 26 2.23606797749979
18 27 18.027756377319946
18 28 2.0
18 29 17.204650534085253
18 30 5.830951894845301
19 1 12.0
19 2 27.294688127912362
19 3 25.709920264364882
19 4 15.0
19 5 13.416407864998739
19 6 29.0
19 7 15.132745950421556
19 8 18.681541692269406
19 9 19.4164878389476
19 10 22.135943621178654
19 11 19.4164878389476
19 12 30.479501308256342
19 13 17.08800749063506
19 14 28.160255680657446
19 15 21.587033144922902
19 16 16.0312195418814
19 17 16.64331697709324
19 18 10.0
19 19 0.0
19 20 27.018512172212592
19 21 22.825424421026653
19 22 14.7648230602334
19 23 4.123105625617661
19 24 26.92582403567252
19 25 28.231188426986208
19 26 9.848857801796104
19 27 26.476404589747453
19 28 11.313708498984761
19 29 26.90724809414742
19 30 13.341664064126334
20 1 21.587033144922902
20 2 10.63014581273465
20 3 17.0
20 4 18.027756377319946
20 5 14.212670403551895
20 6 3.0
20 7 16.15549442140351
20 8 16.0312195418814
20 9 10.04987562112089
20 10 14.560219778561036
20 11 17.11724276862369
20 12 6.082762530298219
20 13 15.033296378372908
20 14 16.401219466856727
20 15 12.0
20 16 16.76305461424021
20 17 10.63014581273465
20 18 17.029386365926403
20 19 27.018512172212592
20 20 0.0
20 21 10.44030650891055
20 22 14.560219778561036
20 23 23.345235059857504
20 24 16.64331697709324
20 25 13.45362404707371
20 26 17.69180601295413
20 27 13.0
20 28 15.811388300841896
20 29 4.242640687119285
20 30 16.1245154965971
21 1 13.601470508735444
21 2 4.47213595499958
21 3 7.0710678118654755
21 4 20.396078054371138
21 5 14.035668847618199
21 6 10.0
21 7 18.439088914585774
21 8 6.324555320336759
21 9 4.0
21 10 4.123105625617661
21 11 7.0710678118654755
21 12 9.486832980505138
21 13 6.4031242374328485
21 14 7.615773105863909
21 15 18.027756377319946
21 16 19.6468827043885
21 17 11.40175425099138
21 18 14.317821063276353
21 19 22.825424421026653
21 20 10.44030650891055
21 21 0.0
21 22 8.06225774829855
21 23 20.248456731316587
21 24 7.211102550927978
21 25 6.0
21 26 16.1245154965971
21 27 21.213203435596427
21 28 12.36931687685298
21 29 7.0
21 30 17.11724276862369
22 1 7.0710678118654755
22 2 12.529964086141668
22 3 12.041594578792296
22 4 15.264337522473747
22 5 8.602325267042627
22 6 15.652475842498529
22 7 13.601470508735444
22 8 5.385164807134504
22 9 5.0
22 10 8.0
22 11 6.708203932499369
22 12 16.401219466856727
22 13 3.1622776601683795
22 14 14.035668847618199
22 15 16.1245154965971
22 16 15.0
22 17 8.06225774829855
22 18 7.0710678118654755
22 19 14.7648230602334
22 20 14.560219778561036
22 21 8.06225774829855
22 22 0.0
22 23 12.36931687685298
22 24 13.0
22 25 13.601470508735444
22 26 9.219544457292887
22 27 20.615528128088304
22 28 5.0990195135927845
22 29 13.038404810405298
22 30 11.661903789690601
23 1 11.704699910719626
23 2 24.698178070456937
23 3 24.08318915758459
23 4 11.045361017187261
23 5 9.433981132056603
23 6 25.495097567963924
23 7 11.045361017187261
23 8 17.029386365926403
23 9 16.55294535724685
23 10 20.223748416156685
23 11 18.0
23 12 27.202941017470888
23 13 15.132745950421556
23 14 26.30589287593181
23 15 17.46424919657298
23 16 12.0
23 17 12.806248474865697
23 18 6.4031242374328485
23 19 4.123105625617661
23 20 23.345235059857504
23 21 20.248456731316587
23 22 12.36931687685298
23 23 0.0
23 24 25.179356624028344
23 25 25.96150997149434
23 26 5.830951894845301
23 27 22.360679774997898
23 28 8.06225774829855
23 29 23.600847442411894
23 30 9.219544457292887
24 1 15.652475842498529
24 2 6.324555320336759
24 3 1.4142135623730951
24 4 27.202941017470888
24 5 20.615528128088304
24 6 15.231546211727817
24 7 25.298221281347036
24 8 8.246211251235321
24 9 10.770329614269007
24 10 5.0
24 11 7.615773105863909
24 12 13.341664064126334
24 13 10.04987562112089
24 14 1.4142135623730951
24 15 25.238858928247925
24 16 26.570660511172846
24 17 18.384776310850235
24 18 20.024984394500787
24 19 26.92582403567252
24 20 16.64331697709324
24 21 7.211102550927978
24 22 13.0
24 23 25.179356624028344
24 24 0.0
24 25 4.0
24 26 22.090722034374522
24 27 28.319604517012593
24 28 18.027756377319946
24 29 12.529964086141668
24 30 23.769728648009426
25 1 17.804493814764857
25 2 2.8284271247461903
25 3 5.0990195135927845
25 4 26.30589287593181
25 5 20.024984394500787
25 6 11.661903789690601
25 7 24.331050121192877
25 8 10.0
25 9 10.0
25 10 6.4031242374328485
25 11 9.899494936611665
25 12 9.486832980505138
25 13 11.180339887498949
25 14 3.1622776601683795
25 15 23.259406699226016
25 16 25.495097567963924
25 17 17.26267650163207
25 18 20.223748416156685
25 19 28.231188426986208
25 20 13.45362404707371
25 21 6.0
25 22 13.601470508735444
25 23 25.96150997149434
25 24 4.0
25 25 0.0
25 26 22.090722034374522
25 27 25.80697580112788
25 28 18.24828759089466
25 29 9.219544457292887
25 30 23.08679276123039
26 1 12.041594578792296
26 2 20.396078054371138
26 3 21.213203435596427
26 4 7.211102550927978
26 5 3.605551275463989
26 6 20.0
26 7 6.324555320336759
26 8 14.560219778561036
26 9 12.165525060596439
26 10 17.11724276862369
26 11 15.811388300841896
26 12 21.95449840010015
26 13 12.36931687685298
26 14 23.021728866442675
26 15 12.041594578792296
26 16 7.615773105863909
26 17 7.0710678118654755
26 18 2.23606797749979
26 19 9.848857801796104
26 20 17.69180601295413
26 21 16.1245154965971
26 22 9.219544457292887
26 23 5.830951894845301
26 24 22.090722034374522
26 25 22.090722034374522
26 26 0.0
26 27 17.029386365926403
26 28 4.123105625617661
26 29 18.35755975068582
26 30 4.123105625617661
27 1 26.92582403567252
27 2 23.021728866442675
27 3 28.284271247461902
27 4 12.083045973594572
27 5 14.035668847618199
27 6 15.811388300841896
27 7 11.40175425099138
27 8 24.698178070456937
27 9 18.601075237738275
27 10 24.839484696748443
27 11 26.076809620810597
27 12 18.973665961010276
27 13 22.825424421026653
27 14 28.42534080710379
27 15 5.0
27 16 10.770329614269007
27 17 12.649110640673518
27 18 18.027756377319946
27 19 26.476404589747453
27 20 13.0
27 21 21.213203435596427
27 22 20.615528128088304
27 23 22.360679774997898
27 24 28.319604517012593
27 25 25.80697580112788
27 26 17.029386365926403
27 27 0.0
27 28 18.24828759089466
27 29 17.0
27 30 13.152946437965905
28 1 8.94427190999916
28 2 16.76305461424021
28 3 17.11724276862369
28 4 10.63014581273465
28 5 4.47213595499958
28 6 17.69180601295413
28 7 9.219544457292887
28 8 10.44030650891055
28 9 8.54400374531753
28 10 13.038404810405298
28 11 11.704699910719626
28 12 19.209372712298546
28 13 8.246211251235321
28 14 19.0
28 15 13.341664064126334
28 16 10.63014581273465
28 17 6.082762530298219
28 18 2.0
28 19 11.313708498984761
28 20 15.811388300841896
28 21 12.36931687685298
28 22 5.0990195135927845
28 23 8.06225774829855
28 24 18.027756377319946
28 25 18.24828759089466
28 26 4.123105625617661
28 27 18.24828759089466
28 28 0.0
28 29 15.620499351813308
28 30 7.0710678118654755
29 1 19.697715603592208
29 2 6.4031242374328485
29 3 13.0
29 4 20.223748416156685
29 5 15.231546211727817
29 6 3.0
29 7 18.24828759089466
29 8 13.152946437965905
29 9 8.06225774829855
29 10 11.045361017187261
29 11 14.035668847618199
29 12 3.605551275463989
29 13 12.649110640673518
29 14 12.206555615733702
29 15 15.297058540778355
29 16 19.1049731745428
29 17 11.704699910719626
29 18 17.204650534085253
29 19 26.90724809414742
29 20 4.242640687119285
29 21 7.0
29 22 13.038404810405298
29 23 23.600847442411894
29 24 12.529964086141668
29 25 9.219544457292887
29 26 18.35755975068582
29 27 17.0
29 28 15.620499351813308
29 29 0.0
29 30 17.72004514666935
30 1 15.811388300841896
30 2 21.0
30 3 23.08679276123039
30 4 3.605551275463989
30 5 3.1622776601683795
30 6 18.788294228055936
30 7 2.23606797749979
30 8 17.0
30 9 13.152946437965905
30 10 18.973665961010276
30 11 18.35755975068582
30 12 21.18962010041709
30 13 14.7648230602334
30 14 24.515301344262525
30 15 8.246211251235321
30 16 3.605551275463989
30 17 6.082762530298219
30 18 5.830951894845301
30 19 13.341664064126334
30 20 16.1245154965971
30 21 17.11724276862369
30 22 11.661903789690601
30 23 9.219544457292887
30 24 23.769728648009426
30 25 23.08679276123039
30 26 4.123105625617661
30 27 13.152946437965905
30 28 7.0710678118654755
30 29 17.72004514666935
30 30 0.0
