1 1 0.0
1 2 7.615773105863909
1 3 18.027756377319946
1 4 19.235384061671343
1 5 5.385164807134504
1 6 14.142135623730951
1 7 20.8806130178211
1 8 6.708203932499369
1 9 7.0710678118654755
1 10 20.248456731316587
1 11 11.40175425099138
1 12 11.180339887498949
1 13 11.704699910719626
1 14 13.601470508735444
1 15 10.295630140987
1 16 8.06225774829855
1 17 18.110770276274835
1 18 15.811388300841896
1 19 16.278820596099706
1 20 9.055385138137417
1 21 13.416407864998739
1 22 7.615773105863909
1 23 20.024984394500787
1 24 13.92838827718412
1 25 18.027756377319946
2 1 7.615773105863909
2 2 0.0
2 3 20.024984394500787
2 4 22.360679774997898
2 5 5.385164807134504
2 6 21.400934559032695
2 7 26.419689627245813
2 8 6.082762530298219
2 9 8.246211251235321
2 10 26.076809620810597
2 11 10.198039027185569
2 12 6.4031242374328485
2 13 8.06225774829855
2 14 16.278820596099706
2 15 8.246211251235321
2 16 10.44030650891055
2 17 22.847319317591726
2 18 16.1245154965971
2 19 21.470910553583888
2 20 14.422205101855956
2 21 21.02379604162864
2 22 15.231546211727817
2 23 23.769728648009426
2 24 20.09975124224178
2 25 24.758836806279895
3 1 18.027756377319946
3 2 20.024984394500787
3 3 0.0
3 4 3.605551275463989
3 5 22.360679774997898
3 6 17.46424919657298
3 7 12.36931687685298
3 8 14.0
3 9 12.041594578792296
3 10 13.152946437965905
3 11 10.44030650891055
3 12 15.811388300841896
3 13 13.92838827718412
3 14 4.47213595499958
3 15 12.36931687685298
3 16 10.198039027185569
3 17 8.06225774829855
3 18 5.0
3 19 9.055385138137417
3 20 10.63014581273465
3 21 21.095023109728988
3 22 19.1049731745428
3 23 5.830951894845301
3 24 29.068883707497267
3 25 16.1245154965971
4 1 19.235384061671343
4 2 22.360679774997898
4 3 3.605551275463989
4 4 0.0
4 5 24.020824298928627
4 6 15.811388300841896
4 7 9.055385138137417
4 8 16.278820596099706
4 9 14.142135623730951
4 10 10.0
4 11 13.416407864998739
4 12 18.788294228055936
4 13 17.0
4 14 6.082762530298219
4 15 15.231546211727817
4 16 12.041594578792296
4 17 5.0990195135927845
4 18 8.48528137423857
4 19 6.708203932499369
4 20 10.770329614269007
4 21 19.849433241279208
4 22 18.867962264113206
4 23 2.23606797749979
4 24 28.844410203711913
4 25 13.601470508735444
5 1 5.385164807134504
5 2 5.385164807134504
5 3 22.360679774997898
5 4 24.020824298928627
5 5 0.0
5 6 19.209372712298546
5 7 26.248809496813376
5 8 8.94427190999916
5 9 10.44030650891055
5 10 25.632011235952593
5 11 13.892443989449804
5 12 11.40175425099138
5 13 12.727922061357855
5 14 18.110770276274835
5 15 12.206555615733702
5 16 12.165525060596439
5 17 23.345235059857504
5 18 19.313207915827967
5 19 21.587033144922902
5 20 14.317821063276353
5 21 17.804493814764857
5 22 12.041594578792296
5 23 25.019992006393608
5 24 15.0
5 25 23.323807579381203
6 1 14.142135623730951
6 2 21.400934559032695
6 3 17.46424919657298
6 4 15.811388300841896
6 5 19.209372712298546
6 6 0.0
6 7 10.770329614269007
6 8 17.46424919657298
6 9 15.811388300841896
6 10 9.486832980505138
6 11 19.235384061671343
6 12 22.47220505424423
6 13 21.840329667841555
6 14 14.317821063276353
6 15 19.6468827043885
6 16 14.317821063276353
6 17 11.313708498984761
6 18 19.235384061671343
6 19 9.219544457292887
6 20 9.055385138137417
6 21 4.47213595499958
6 22 7.615773105863909
6 23 14.866068747318506
6 24 15.297058540778355
6 25 5.0
7 1 20.8806130178211
7 2 26.419689627245813
7 3 12.36931687685298
7 4 9.055385138137417
7 5 26.248809496813376
7 6 10.770329614269007
7 7 0.0
7 8 20.808652046684813
7 9 18.601075237738275
7 10 1.4142135623730951
7 11 19.849433241279208
7 12 24.758836806279895
7 13 23.345235059857504
7 14 12.206555615733702
7 15 21.213203435596427
7 16 16.401219466856727
7 17 4.47213595499958
7 18 16.55294535724685
7 19 5.0
7 20 12.083045973594572
7 21 15.231546211727817
7 22 17.029386365926403
7 23 7.0
7 24 25.96150997149434
7 25 6.4031242374328485
8 1 6.708203932499369
8 2 6.082762530298219
8 3 14.0
8 4 16.278820596099706
8 5 8.94427190999916
8 6 17.46424919657298
8 7 20.808652046684813
8 8 0.0
8 9 2.23606797749979
8 10 20.615528128088304
8 11 5.0
8 12 5.0990195135927845
8 13 5.0990195135927845
8 14 10.198039027185569
8 15 3.605551275463989
8 16 4.47213595499958
8 17 17.0
8 18 10.44030650891055
8 19 15.811388300841896
8 20 9.219544457292887
8 21 18.24828759089466
8 22 13.0
8 23 17.72004514666935
8 24 20.615528128088304
8 25 20.0
9 1 7.0710678118654755
9 2 8.246211251235321
9 3 12.041594578792296
9 4 14.142135623730951
9 5 10.44030650891055
9 6 15.811388300841896
9 7 18.601075237738275
9 8 2.23606797749979
9 9 0.0
9 10 18.439088914585774
9 11 4.47213595499958
9 12 6.708203932499369
9 13 6.082762530298219
9 14 8.06225774829855
9 15 4.0
9 16 2.23606797749979
9 17 14.7648230602334
9 18 8.94427190999916
9 19 13.601470508735444
9 20 7.211102550927978
9 21 17.029386365926403
9 22 12.165525060596439
9 23 15.524174696260024
9 24 20.591260281974
9 25 18.027756377319946
10 1 20.248456731316587
10 2 26.076809620810597
10 3 13.152946437965905
10 4 10.0
10 5 25.632011235952593
10 6 9.486832980505138
10 7 1.4142135623730951
10 8 20.615528128088304
10 9 18.439088914585774
10 10 0.0
10 11 20.0
10 12 24.758836806279895
10 13 23.430749027719962
10 14 12.529964086141668
10 15 21.2602916254693
10 16 16.278820596099706
10 17 5.0990195135927845
10 18 17.08800749063506
10 19 5.0
10 20 11.661903789690601
10 21 13.92838827718412
10 22 16.0
10 23 8.06225774829855
10 24 24.73863375370596
10 25 5.0
11 1 11.40175425099138
11 2 10.198039027185569
11 3 10.44030650891055
11 4 13.416407864998739
11 5 13.892443989449804
11 6 19.235384061671343
11 7 19.849433241279208
11 8 5.0
11 9 4.47213595499958
11 10 20.0
11 11 0.0
11 12 5.385164807134504
11 13 3.605551275463989
11 14 7.810249675906654
11 15 2.0
11 16 5.0
11 17 15.556349186104045
11 18 6.0
11 19 15.0
11 20 10.198039027185569
11 21 21.02379604162864
11 22 16.492422502470642
11 23 15.264337522473747
11 24 25.059928172283335
11 25 20.615528128088304
12 1 11.180339887498949
12 2 6.4031242374328485
12 3 15.811388300841896
12 4 18.788294228055936
12 5 11.40175425099138
12 6 22.47220505424423
12 7 24.758836806279895
12 8 5.0990195135927845
12 9 6.708203932499369
12 10 24.758836806279895
12 11 5.385164807134504
12 12 0.0
12 13 2.0
12 14 13.038404810405298
12 15 3.605551275463989
12 16 8.602325267042627
12 17 20.615528128088304
12 18 11.180339887498949
12 19 19.79898987322333
12 20 13.892443989449804
12 21 23.345235059857504
12 22 18.027756377319946
12 23 20.591260281974
12 24 25.0
12 25 24.698178070456937
13 1 11.704699910719626
13 2 8.06225774829855
13 3 13.92838827718412
13 4 17.0
13 5 12.727922061357855
13 6 21.840329667841555
13 7 23.345235059857504
13 8 5.0990195135927845
13 9 6.082762530298219
13 10 23.430749027719962
13 11 3.605551275463989
13 12 2.0
13 13 0.0
13 14 11.40175425099138
13 15 2.23606797749979
13 16 7.615773105863909
13 17 19.1049731745428
13 18 9.219544457292887
13 19 18.439088914585774
13 20 13.0
13 21 23.08679276123039
13 22 18.027756377319946
13 23 18.867962264113206
13 24 25.632011235952593
13 25 23.706539182259394
14 1 13.601470508735444
14 2 16.278820596099706
14 3 4.47213595499958
14 4 6.082762530298219
14 5 18.110770276274835
14 6 14.317821063276353
14 7 12.206555615733702
14 8 10.198039027185569
14 9 8.06225774829855
14 10 12.529964086141668
14 11 7.810249675906654
14 12 13.038404810405298
14 13 11.40175425099138
14 14 0.0
14 15 9.433981132056603
14 16 6.0
14 17 7.810249675906654
14 18 5.0
14 19 7.615773105863909
14 20 6.4031242374328485
14 21 17.46424919657298
14 22 14.866068747318506
14 23 7.615773105863909
14 24 24.758836806279895
14 25 14.142135623730951
15 1 10.295630140987
15 2 8.246211251235321
15 3 12.36931687685298
15 4 15.231546211727817
15 5 12.206555615733702
15 6 19.6468827043885
15 7 21.213203435596427
15 8 3.605551275463989
15 9 4.0
15 10 21.2602916254693
15 11 2.0
15 12 3.605551275463989
15 13 2.23606797749979
15 14 9.433981132056603
15 15 0.0
15 16 5.385164807134504
15 17 17.029386365926403
15 18 8.0
15 19 16.278820596099706
15 20 10.770329614269007
15 21 21.02379604162864
15 22 16.1245154965971
15 23 17.0
15 24 24.166091947189145
15 25 21.470910553583888
16 1 8.06225774829855
16 2 10.44030650891055
16 3 10.198039027185569
16 4 12.041594578792296
16 5 12.165525060596439
16 6 14.317821063276353
16 7 16.401219466856727
16 8 4.47213595499958
16 9 2.23606797749979
16 10 16.278820596099706
16 11 5.0
16 12 8.602325267042627
16 13 7.615773105863909
16 14 6.0
16 15 5.385164807134504
16 16 0.0
16 17 12.529964086141668
16 18 7.810249675906654
16 19 11.40175425099138
16 20 5.385164807134504
16 21 16.0312195418814
16 22 11.704699910719626
16 23 13.341664064126334
16 24 20.808652046684813
16 25 16.1245154965971
17 1 18.110770276274835
17 2 22.847319317591726
17 3 8.06225774829855
17 4 5.0990195135927845
17 5 23.345235059857504
17 6 11.313708498984761
17 7 4.47213595499958
17 8 17.0
17 9 14.7648230602334
17 10 5.0990195135927845
17 11 15.556349186104045
17 12 20.615528128088304
17 13 19.1049731745428
17 14 7.810249675906654
17 15 17.029386365926403
17 16 12.529964086141668
17 17 0.0
17 18 12.083045973594572
17 19 2.23606797749979
17 20 9.055385138137417
17 21 15.620499351813308
17 22 15.811388300841896
17 23 3.605551275463989
17 24 25.495097567963924
17 25 8.54400374531753
18 1 15.811388300841896
18 2 16.1245154965971
18 3 5.0
18 4 8.48528137423857
18 5 19.313207915827967
18 6 19.235384061671343
18 7 16.55294535724685
18 8 10.44030650891055
18 9 8.94427190999916
18 10 17.08800749063506
18 11 6.0
18 12 11.180339887498949
18 13 9.219544457292887
18 14 5.0
18 15 8.0
18 16 7.810249675906654
18 17 12.083045973594572
18 18 0.0
18 19 12.36931687685298
18 20 10.770329614269007
18 21 22.135943621178654
18 22 18.867962264113206
18 23 10.63014581273465
18 24 28.42534080710379
18 25 19.1049731745428
19 1 16.278820596099706
19 2 21.470910553583888
19 3 9.055385138137417
19 4 6.708203932499369
19 5 21.587033144922902
19 6 9.219544457292887
19 7 5.0
19 8 15.811388300841896
19 9 13.601470508735444
19 10 5.0
19 11 15.0
19 12 19.79898987322333
19 13 18.439088914585774
19 14 7.615773105863909
19 15 16.278820596099706
19 16 11.40175425099138
19 17 2.23606797749979
19 18 12.36931687685298
19 19 0.0
19 20 7.280109889280518
19 21 13.45362404707371
19 22 13.601470508735444
19 23 5.656854249492381
19 24 23.259406699226016
19 25 7.0710678118654755
20 1 9.055385138137417
20 2 14.422205101855956
20 3 10.63014581273465
20 4 10.770329614269007
20 5 14.317821063276353
20 6 9.055385138137417
20 7 12.083045973594572
20 8 9.219544457292887
20 9 7.211102550927978
20 10 11.661903789690601
20 11 10.198039027185569
20 12 13.892443989449804
20 13 13.0
20 14 6.4031242374328485
20 15 10.770329614269007
20 16 5.385164807134504
20 17 9.055385138137417
20 18 10.770329614269007
20 19 7.280109889280518
20 20 0.0
20 21 11.40175425099138
20 22 8.48528137423857
20 23 11.180339887498949
20 24 18.439088914585774
20 25 10.816653826391969
21 1 13.416407864998739
21 2 21.02379604162864
21 3 21.095023109728988
21 4 19.849433241279208
21 5 17.804493814764857
21 6 4.47213595499958
21 7 15.231546211727817
21 8 18.24828759089466
21 9 17.029386365926403
21 10 13.92838827718412
21 11 21.02379604162864
21 12 23.345235059857504
21 13 23.08679276123039
21 14 17.46424919657298
21 15 21.02379604162864
21 16 16.0312195418814
21 17 15.620499351813308
21 18 22.135943621178654
21 19 13.45362404707371
21 20 11.40175425099138
21 21 0.0
21 22 5.830951894845301
21 23 19.1049731745428
21 24 11.045361017187261
21 25 9.219544457292887
22 1 7.615773105863909
22 2 15.231546211727817
22 3 19.1049731745428
22 4 18.867962264113206
22 5 12.041594578792296
22 6 7.615773105863909
22 7 17.029386365926403
22 8 13.0
22 9 12.165525060596439
22 10 16.0
22 11 16.492422502470642
22 12 18.027756377319946
22 13 18.027756377319946
22 14 14.866068747318506
22 15 16.1245154965971
22 16 11.704699910719626
22 17 15.811388300841896
22 18 18.867962264113206
22 19 13.601470508735444
22 20 8.48528137423857
22 21 5.830951894845301
22 22 0.0
22 23 18.788294228055936
22 24 10.0
22 25 12.36931687685298
23 1 20.024984394500787
23 2 23.769728648009426
23 3 5.830951894845301
23 4 2.23606797749979
23 5 25.019992006393608
23 6 14.866068747318506
23 7 7.0
23 8 17.72004514666935
23 9 15.524174696260024
23 10 8.06225774829855
23 11 15.264337522473747
23 12 20.591260281974
23 13 18.867962264113206
23 14 7.615773105863909
23 15 17.0
23 16 13.341664064126334
23 17 3.605551275463989
23 18 10.63014581273465
23 19 5.656854249492381
23 20 11.180339887498949
23 21 19.1049731745428
23 22 18.788294228055936
23 23 0.0
23 24 28.653097563788805
23 25 12.083045973594572
24 1 13.92838827718412
24 2 20.09975124224178
24 3 29.068883707497267
24 4 28.844410203711913
24 5 15.0
24 6 15.297058540778355
24 7 25.96150997149434
24 8 20.615528128088304
24 9 20.591260281974
24 10 24.73863375370596
24 11 25.059928172283335
24 12 25.0
24 13 25.632011235952593
24 14 24.758836806279895
24 15 24.166091947189145
24 16 20.808652046684813
24 17 25.495097567963924
24 18 28.42534080710379
24 19 23.259406699226016
24 20 18.439088914585774
24 21 11.045361017187261
24 22 10.0
24 23 28.653097563788805
24 24 0.0
24 25 20.223748416156685
25 1 18.027756377319946
25 2 24.758836806279895
25 3 16.1245154965971
25 4 13.601470508735444
25 5 23.323807579381203
25 6 5.0
25 7 6.4031242374328485
25 8 20.0
25 9 18.027756377319946
25 10 5.0
25 11 20.615528128088304
25 12 24.698178070456937
25 13 23.706539182259394
25 14 14.142135623730951
25 15 21.470910553583888
25 16 16.1245154965971
25 17 8.54400374531753
25 18 19.1049731745428
25 19 7.0710678118654755
25 20 10.816653826391969
25 21 9.219544457292887
25 22 12.36931687685298
25 23 12.083045973594572
25 24 20.223748416156685
25 25 0.0
