1 1 0.0
1 2 1.4142135623730951
1 3 6.082762530298219
1 4 7.0710678118654755
1 5 3.0
1 6 6.4031242374328485
1 7 6.082762530298219
2 1 1.4142135623730951
2 2 0.0
2 3 5.0
2 4 6.324555320336759
2 5 2.23606797749979
2 6 5.0
2 7 5.0
3 1 6.082762530298219
3 2 5.0
3 3 0.0
3 4 9.219544457292887
3 5 6.324555320336759
3 6 4.47213595499958
3 7 7.0710678118654755
4 1 7.0710678118654755
4 2 6.324555320336759
4 3 9.219544457292887
4 4 0.0
4 5 4.123105625617661
4 6 5.385164807134504
4 7 2.23606797749979
5 1 3.0
5 2 2.23606797749979
5 3 6.324555320336759
5 4 4.123105625617661
5 5 0.0
5 6 4.47213595499958
5 7 3.1622776601683795
6 1 6.4031242374328485
6 2 5.0
6 3 4.47213595499958
6 4 5.385164807134504
6 5 4.47213595499958
6 6 0.0
6 7 3.1622776601683795
7 1 6.082762530298219
7 2 5.0
7 3 7.0710678118654755
7 4 2.23606797749979
7 5 3.1622776601683795
7 6 3.1622776601683795
7 7 0.0
