1 1 0.0
1 2 9.0
1 3 20.12461179749811
1 4 2.23606797749979
1 5 25.96150997149434
1 6 54.0
1 7 69.6419413859206
1 8 62.51399843235114
1 9 12.727922061357855
1 10 37.53664875824692
1 11 58.728187440104094
1 12 20.615528128088304
1 13 31.32091952673165
1 14 61.741396161732524
1 15 29.410882339705484
1 16 40.45985664828782
1 17 71.61005515987263
1 18 65.0
1 19 21.37755832643195
1 20 42.42640687119285
1 21 52.08646657242167
1 22 25.96150997149434
1 23 23.194827009486403
1 24 70.178344238091
1 25 56.089214649520635
1 26 39.66106403010388
1 27 16.55294535724685
1 28 7.211102550927978
1 29 25.079872407968907
1 30 62.76941930590086
1 31 50.00999900019995
1 32 65.55150646628954
1 33 63.28506932918696
1 34 12.529964086141668
1 35 27.018512172212592
1 36 49.678969393496885
1 37 48.76474136094644
1 38 19.1049731745428
1 39 24.20743687382041
1 40 53.48831648126533
1 41 71.58910531638176
1 42 56.293871780150276
1 43 15.132745950421556
1 44 31.906112267087632
1 45 32.69556544854363
1 46 49.49747468305833
1 47 24.351591323771842
1 48 62.369864518050704
1 49 66.007575322837
1 50 19.72308292331602
1 51 38.8329756778952
1 52 24.041630560342615
1 53 76.66159403508382
1 54 35.510561809129406
1 55 30.886890422961002
1 56 37.57658845611187
1 57 44.384682042344295
1 58 67.23094525588644
1 59 40.24922359499622
1 60 45.967379738244816
1 61 37.36308338453881
1 62 45.044422518220834
1 63 17.69180601295413
1 64 23.259406699226016
1 65 50.59644256269407
1 66 78.77182237323191
1 67 27.80287754891569
1 68 42.80186911806539
1 69 30.364452901377952
1 70 13.416407864998739
1 71 66.30987860040162
1 72 17.11724276862369
1 73 30.23243291566195
1 74 53.600373133029585
1 75 33.54101966249684
1 76 50.635955604688654
1 77 39.20459156782532
1 78 38.41874542459709
1 79 26.832815729997478
1 80 35.4682957019364
1 81 39.96248240537617
1 82 34.48187929913333
1 83 8.06225774829855
1 84 25.317977802344327
1 85 19.235384061671343
2 1 9.0
2 2 0.0
2 3 28.460498941515414
2 4 7.0710678118654755
2 5 29.68164415931166
2 6 54.74486277268398
2 7 73.35529974037323
2 8 64.28841264178172
2 9 9.0
2 10 44.654227123532216
2 11 65.60487786742691
2 12 14.7648230602334
2 13 40.024992192379
2 14 66.03786792439622
2 15 22.67156809750927
2 16 34.058772731852805
2 17 77.23341245859851
2 18 70.76722405181653
2 19 30.265491900843113
2 20 42.1070065428546
2 21 53.36665625650534
2 22 17.46424919657298
2 23 32.14031735997639
2 24 77.20103626247513
2 25 55.036351623268054
2 26 47.41307836451879
2 27 15.132745950421556
2 28 15.524174696260024
2 29 17.204650534085253
2 30 70.66116330771806
2 31 58.855755878248644
2 32 69.35416353759881
2 33 68.41052550594829
2 34 20.8806130178211
2 35 18.027756377319946
2 36 56.859475903318
2 37 53.600373133029585
2 38 10.198039027185569
2 39 31.76476034853718
2 40 57.30619512757761
2 41 68.30812543175226
2 42 58.872744118140105
2 43 18.601075237738275
2 44 39.81205847478876
2 45 41.10960958218893
2 46 58.42088667591412
2 47 16.1245154965971
2 48 64.8459713474939
2 49 66.75327707311455
2 50 12.806248474865697
2 51 38.01315561749642
2 52 15.652475842498529
2 53 81.60882305241266
2 54 28.319604517012593
2 55 23.430749027719962
2 56 42.20189569201838
2 57 53.150729063673246
2 58 71.19691004531025
2 59 48.46648326421054
2 60 52.630789467763066
2 61 46.09772228646444
2 62 46.32493928760188
2 63 24.698178070456937
2 64 28.319604517012593
2 65 59.20304046246274
2 66 84.02380615040002
2 67 21.400934559032695
2 68 38.01315561749642
2 69 21.93171219946131
2 70 21.840329667841555
2 71 63.324560795950255
2 72 26.076809620810597
2 73 23.345235059857504
2 74 52.15361924162119
2 75 42.42640687119285
2 76 50.00999900019995
2 77 45.27692569068709
2 78 44.598206241955516
2 79 35.11409973215888
2 80 43.965895873961216
2 81 36.05551275463989
2 82 39.698866482558415
2 83 4.47213595499958
2 84 34.23448553724738
2 85 19.924858845171276
3 1 20.12461179749811
3 2 28.460498941515414
3 3 0.0
3 4 21.540659228538015
3 5 35.73513677041127
3 6 65.52098900352466
3 7 74.33034373659252
3 8 71.7007670809734
3 9 27.0
3 10 35.4400902933387
3 11 55.00909015790027
3 12 34.23448553724738
3 13 21.633307652783937
3 14 65.49045732013177
3 15 42.7551166528639
3 16 60.21627686929839
3 17 71.16881339463234
3 18 64.51356446515724
3 19 5.830951894845301
3 20 56.36488268416781
3 21 62.81719509815764
3 22 45.880278987817846
3 23 13.0
3 24 65.19202405202648
3 25 70.26378868236469
3 26 34.438350715445125
3 27 34.655446902326915
3 28 13.0
3 29 45.18849411078001
3 30 54.56189146281496
3 31 36.359317925395686
3 32 70.25667228100119
3 33 64.76109943476871
3 34 7.615773105863909
3 35 46.09772228646444
3 36 45.617978911828175
3 37 52.23983154643591
3 38 37.656340767525464
3 39 24.020824298928627
3 40 59.00847396772772
3 41 88.20430828479978
3 42 64.28063471995279
3 43 17.08800749063506
3 44 27.51363298439521
3 45 12.649110640673518
3 46 34.88552708502482
3 47 41.012193308819754
3 48 70.178344238091
3 49 76.90253571892151
3 50 35.014282800023196
3 51 53.71219600798314
3 52 44.01136216933077
3 53 77.88452991448301
3 54 55.569775957799216
3 55 51.0
3 56 43.04648650006177
3 57 32.01562118716424
3 58 71.449282711585
3 59 32.449961479175904
3 60 44.27188724235731
3 61 26.1725046566048
3 62 56.32051136131489
3 63 7.211102550927978
3 64 31.04834939252005
3 65 39.05124837953327
3 66 79.05694150420949
3 67 40.792156108742276
3 68 61.5223536610881
3 69 50.32891812864648
3 70 16.15549442140351
3 71 82.68010643437755
3 72 7.0710678118654755
3 73 43.73785545725808
3 74 68.42514157822401
3 75 15.297058540778355
3 76 64.47480127925948
3 77 40.44749683231337
3 78 39.45883931389772
3 79 21.840329667841555
3 80 15.524174696260024
3 81 58.05170109479997
3 82 39.01281840626232
3 83 25.495097567963924
3 84 14.7648230602334
3 85 35.0
4 1 2.23606797749979
4 2 7.0710678118654755
4 3 21.540659228538015
4 4 0.0
4 5 27.51363298439521
4 6 55.036351623268054
4 7 71.30918594402827
4 8 63.788713735268246
4 9 10.63014581273465
4 10 39.698866482558415
4 11 60.876925020897694
4 12 18.439088914585774
4 13 33.52610922848042
4 14 63.50590523722971
4 15 27.202941017470888
4 16 39.6232255123179
4 17 73.60027173862879
4 18 67.00746227100382
4 19 23.194827009486403
4 20 43.18564576337837
4 21 53.23532661682466
4 22 24.351591323771842
4 23 25.317977802344327
4 24 72.34638899074369
4 25 56.71860364994893
4 26 41.88078318274385
4 27 16.76305461424021
4 28 8.54400374531753
4 29 23.706539182259394
4 30 65.0
4 31 52.172789842982326
4 32 67.23094525588644
4 33 65.19202405202648
4 34 13.92838827718412
4 35 25.079872407968907
4 36 51.85556864985669
4 37 50.60632371551998
4 38 17.029386365926403
4 39 26.40075756488817
4 40 55.154328932550705
4 41 71.69379331573968
4 42 57.723478758647246
4 43 14.560219778561036
4 44 34.132096331752024
4 45 34.17601498127012
4 46 51.62363799656123
4 47 22.135943621178654
4 48 63.788713735268246
4 49 67.06713054842886
4 50 17.4928556845359
4 51 39.45883931389772
4 52 22.47220505424423
4 53 78.54934754662193
4 54 34.40930106817051
4 55 29.68164415931166
4 56 39.35733730830886
4 57 46.57252408878007
4 58 68.94200461257273
4 59 42.485291572496
4 60 48.08326112068523
4 61 39.56008088970496
4 62 46.17358552246078
4 63 18.439088914585774
4 64 25.059928172283335
4 65 52.81098370604357
4 66 80.7093550959243
4 67 25.612496949731394
4 68 42.43819034784589
4 69 28.792360097775937
4 70 15.652475842498529
4 71 66.48308055437865
4 72 19.026297590440446
4 73 28.0178514522438
4 74 54.12947441089743
4 75 35.35533905932738
4 76 51.35172830587107
4 77 41.23105625617661
4 78 40.45985664828782
4 79 29.068883707497267
4 80 37.0
4 81 39.824615503479755
4 82 36.359317925395686
4 83 5.830951894845301
4 84 27.459060435491963
4 85 20.024984394500787
5 1 25.96150997149434
5 2 29.68164415931166
5 3 35.73513677041127
5 4 27.51363298439521
5 5 0.0
5 6 29.832867780352597
5 7 43.86342439892262
5 8 37.013511046643494
5 9 37.57658845611187
5 10 21.0
5 11 39.0
5 12 44.41846462902562
5 13 28.0178514522438
5 14 36.359317925395686
5 15 52.20153254455275
5 16 38.01315561749642
5 17 48.104053883222775
5 18 41.86884283091664
5 19 32.202484376209235
5 20 21.400934559032695
5 21 27.294688127912362
5 22 36.71511950137164
5 23 27.202941017470888
5 24 50.566787519082126
5 25 34.9857113690718
5 26 26.1725046566048
5 27 17.204650534085253
5 28 29.017236257093817
5 29 33.54101966249684
5 30 47.51841748206689
5 31 44.598206241955516
5 32 39.81205847478876
5 33 38.948684188300895
5 34 31.25699921617557
5 35 41.617304093369626
5 36 31.78049716414141
5 37 24.08318915758459
5 38 37.48332962798263
5 39 15.620499351813308
5 40 27.730849247724095
5 41 54.48853090330111
5 42 30.4138126514911
5 43 40.311288741492746
5 44 21.540659228538015
5 45 44.41846462902562
5 46 45.69463863518345
5 47 44.598206241955516
5 48 36.49657518178932
5 49 41.43669871020132
5 50 42.43819034784589
5 51 19.849433241279208
5 52 34.9857113690718
5 53 52.009614495783374
5 54 37.48332962798263
5 55 35.4400902933387
5 56 12.727922061357855
5 57 38.62641583165593
5 58 41.593268686170845
5 59 29.832867780352597
5 60 26.248809496813376
5 61 32.64965543462902
5 62 20.615528128088304
5 63 38.3275357934736
5 64 5.0
5 65 41.97618372363071
5 66 54.56189146281496
5 67 51.03920062069938
5 68 34.20526275297414
5 69 39.395431207184416
5 70 19.6468827043885
5 71 48.83646178829912
5 72 28.792360097775937
5 73 52.80151512977634
5 74 33.60059523282288
5 75 40.45985664828782
5 76 29.154759474226502
5 77 18.027756377319946
5 78 17.72004514666935
5 79 21.400934559032695
5 80 46.04345773288535
5 81 29.410882339705484
5 82 11.180339887498949
5 83 32.202484376209235
5 84 27.65863337187866
5 85 11.661903789690601
6 1 54.0
6 2 54.74486277268398
6 3 65.52098900352466
6 4 55.036351623268054
6 5 29.832867780352597
6 6 0.0
6 7 27.313000567495326
6 8 11.313708498984761
6 9 63.63961030678928
6 10 40.311288741492746
6 11 45.221676218380054
6 12 68.8839603971781
6 13 54.08326913195984
6 14 26.076809620810597
6 15 74.94664769020693
6 16 41.773197148410844
6 17 42.190046219457976
6 18 39.05124837953327
6 19 61.68468205316454
6 20 13.416407864998739
6 21 3.605551275463989
6 22 53.23532661682466
6 23 55.94640292279746
6 24 53.600373133029585
6 25 11.045361017187261
6 26 45.967379738244816
6 27 39.6232255123179
6 28 58.309518948453004
6 29 49.64876634922564
6 30 58.309518948453004
6 31 65.85590330410783
6 32 25.0
6 33 33.0
6 34 61.0
6 35 59.481089431852205
6 36 43.9089968002003
6 37 25.495097567963924
6 38 59.135437767890075
6 39 43.382023926967726
6 40 19.4164878389476
6 41 31.953090617340916
6 42 12.041594578792296
6 43 69.02897942168927
6 44 45.803929962395145
6 45 73.40980860893181
6 46 67.89698078707183
6 47 66.12866246946176
6 48 14.7648230602334
6 49 12.041594578792296
6 50 66.21933252457322
6 51 17.88854381999832
6 52 52.32590180780452
6 53 40.80441152620633
6 54 46.09772228646444
6 55 47.43416490252569
6 56 25.612496949731394
6 57 60.81118318204309
6 58 27.202941017470888
6 59 50.91168824543142
6 60 38.27531841800928
6 61 56.85068161420758
6 62 9.219544457292887
6 63 68.06614430096654
6 64 34.48187929913333
6 65 61.220911460055866
6 66 44.64302857109943
6 67 74.33034373659252
6 68 32.802438933713454
6 69 53.53503525729669
6 70 49.47726750741192
6 71 26.92582403567252
6 72 58.52349955359813
6 73 75.27283706623525
6 74 13.152946437965905
6 75 68.47627326307996
6 76 8.94427190999916
6 77 33.24154027718932
6 78 33.94112549695428
6 79 48.373546489791295
6 80 74.68600939935136
6 81 29.0
6 82 29.410882339705484
6 83 58.42088667591412
6 84 55.90169943749474
6 85 35.12833614050059
7 1 69.6419413859206
7 2 73.35529974037323
7 3 74.33034373659252
7 4 71.30918594402827
7 5 43.86342439892262
7 6 27.313000567495326
7 7 0.0
7 8 17.26267650163207
7 9 81.43709228600933
7 10 40.11234224026316
7 11 30.805843601498726
7 12 88.11923740024082
7 13 56.22277118748239
7 14 9.055385138137417
7 15 95.524865872714
7 16 68.24221567329127
7 17 18.384776310850235
7 18 19.1049731745428
7 19 69.1158447825099
7 20 38.600518131237564
7 21 25.553864678361276
7 22 76.57675887630658
7 23 62.03224967708329
7 24 33.83784863137726
7 25 37.36308338453881
7 26 43.73785545725808
7 27 59.36328831862332
7 28 71.56814934033156
7 29 73.0
7 30 43.93176527297759
7 31 60.00833275470999
7 32 4.123105625617661
7 33 13.601470508735444
7 34 72.3671196055225
7 35 82.46211251235322
7 36 35.4682957019364
7 37 22.090722034374522
7 38 80.15609770940699
7 39 50.35871324805669
7 40 16.15549442140351
7 41 55.0
7 42 16.401219466856727
7 43 83.24061508662703
7 44 48.041648597857254
7 45 78.16009211867653
7 46 62.76941930590086
7 47 87.36704184073076
7 48 12.649110640673518
7 49 24.020824298928627
7 50 85.95929269136641
7 51 42.638011210655684
7 52 75.28612089887484
7 53 14.035668847618199
7 54 71.7007670809734
7 55 72.13875518748573
7 56 32.28002478313795
7 57 56.92099788303083
7 58 3.1622776601683795
7 59 48.27007354458868
7 60 32.7566787083184
7 61 56.089214649520635
7 62 30.479501308256342
7 63 79.07591289387686
7 64 46.486557196677836
7 65 54.12947441089743
7 66 18.027756377319946
7 67 94.51454914456292
7 68 59.682493245507096
7 69 77.79460135510689
7 70 60.41522986797286
7 71 51.15662224971465
7 72 67.47592163134935
7 73 96.04165762834376
7 74 40.162171256046406
7 75 71.449282711585
7 76 36.24913792078372
7 77 34.0147027033899
7 78 35.014282800023196
7 79 53.009433122794285
7 80 78.40918313565064
7 81 55.47071299343465
7 82 35.90264614203248
7 83 76.05918747922567
7 84 61.0
7 85 53.85164807134504
8 1 62.51399843235114
8 2 64.28841264178172
8 3 71.7007670809734
8 4 63.788713735268246
8 5 37.013511046643494
8 6 11.313708498984761
8 7 17.26267650163207
8 8 0.0
8 9 73.00684899377592
8 10 42.05948168962618
8 11 41.340053217188775
8 12 78.74642849044012
8 13 57.38466694161429
8 14 18.973665961010276
8 15 85.23496934944014
8 16 53.075418038862395
8 17 34.23448553724738
8 18 32.57299494980466
8 19 67.26812023536856
8 20 24.413111231467404
8 21 11.180339887498949
8 22 64.1404708432983
8 23 60.876925020897694
8 24 47.75981574503821
8 25 20.248456731316587
8 26 47.16990566028302
8 27 49.33558553417604
8 28 66.03029607687671
8 29 60.53924347066124
8 30 54.91812087098393
8 31 66.21933252457322
8 32 16.0312195418814
8 33 26.248809496813376
8 34 68.06614430096654
8 35 70.32780389006896
8 36 42.42640687119285
8 37 24.20743687382041
8 38 69.46221994724903
8 39 48.27007354458868
8 40 16.278820596099706
8 41 38.118237105091836
8 42 8.06225774829855
8 43 77.23341245859851
8 44 48.84669896727925
8 45 78.16009211867653
8 46 68.60029154456998
8 47 76.55716818169282
8 48 5.0990195135927845
8 49 8.06225774829855
8 50 76.21679604916491
8 51 28.844410203711913
8 52 63.13477647065839
8 53 31.25699921617557
8 54 57.38466694161429
8 55 58.60034129593445
8 56 29.120439557122072
8 57 61.85466837676846
8 58 18.0
8 59 52.15361924162119
8 60 37.64306044943742
8 61 59.0592922409336
8 62 18.027756377319946
8 63 75.1065909225016
8 64 41.048751503547585
8 65 60.959002616512684
8 66 35.22782990761707
8 67 84.50443775329198
8 68 44.04543109109048
8 69 64.63745044476924
8 70 56.142675390472796
8 71 34.0147027033899
8 72 64.6297145282261
8 73 85.61541917201598
8 74 23.259406699226016
8 75 72.44998274671983
8 76 20.0
8 77 34.88552708502482
8 78 35.77708763999664
8 79 52.49761899362675
8 80 79.05694150420949
8 81 40.311288741492746
8 82 33.24154027718932
8 83 67.68308503607086
8 84 60.440052945046304
8 85 44.384682042344295
9 1 12.727922061357855
9 2 9.0
9 3 27.0
9 4 10.63014581273465
9 5 37.57658845611187
9 6 63.63961030678928
9 7 81.43709228600933
9 8 73.00684899377592
9 9 0.0
9 10 50.24937810560445
9 11 71.449282711585
9 12 8.06225774829855
9 13 42.95346318982906
9 14 73.824115301167
9 15 17.0
9 16 41.340053217188775
9 17 84.20213774008353
9 18 77.62087348130012
9 19 30.4138126514911
9 20 51.088159097779204
9 21 62.16912416947821
9 22 22.627416997969522
9 23 34.17601498127012
9 24 82.87943049997388
9 25 64.03124237432849
9 26 52.20153254455275
9 27 24.08318915758459
9 28 15.811388300841896
9 29 23.600847442411894
9 30 75.16648189186454
9 31 61.032778078668514
9 32 77.38862965578342
9 33 75.71657678474378
9 34 20.223748416156685
9 35 20.591260281974
9 36 62.369864518050704
9 37 61.05735008989499
9 38 12.206555615733702
9 39 36.87817782917155
9 40 65.30696746902278
9 41 76.92203845452875
9 42 67.35725647619564
9 43 12.529964086141668
9 44 44.40720662234904
9 45 39.20459156782532
9 46 60.166435825965294
9 47 14.035668847618199
9 48 73.37574531137656
9 49 75.66372975210778
9 50 8.06225774829855
9 51 47.01063709417264
9 52 21.2602916254693
9 53 89.04493247793498
9 54 35.0
9 55 30.0
9 56 49.73932046178355
9 57 55.71355310873648
9 58 79.1580697086532
9 59 52.478567053607705
9 60 58.69412236331676
9 61 48.84669896727925
9 62 55.10898293381942
9 63 21.37755832643195
9 64 35.510561809129406
9 65 62.24146527838174
9 66 91.2633551870629
9 67 15.264337522473747
9 68 46.238512086787566
9 69 26.90724809414742
9 70 25.80697580112788
9 71 72.03471385380801
9 72 26.92582403567252
9 73 17.88854381999832
9 74 61.1310068623117
9 75 42.1070065428546
9 76 59.00847396772772
9 77 51.85556864985669
9 78 51.088159097779204
9 79 39.11521443121589
9 80 42.190046219457976
9 81 44.64302857109943
9 82 46.87216658103186
9 83 5.385164807134504
9 84 36.40054944640259
9 85 28.635642126552707
10 1 37.53664875824692
10 2 44.654227123532216
10 3 35.4400902933387
10 4 39.698866482558415
10 5 21.0
10 6 40.311288741492746
10 7 40.11234224026316
10 8 42.05948168962618
10 9 50.24937810560445
10 10 0.0
10 11 21.213203435596427
10 12 58.137767414994535
10 13 16.1245154965971
10 14 31.064449134018133
10 15 66.84309986827361
10 16 59.00847396772772
10 17 35.84689665786984
10 18 29.154759474226502
10 19 29.832867780352597
10 20 38.01315561749642
10 21 36.796738985948195
10 22 55.97320787662612
10 23 22.561028345356956
10 24 32.64965543462902
10 25 49.20365840057018
10 26 5.830951894845301
10 27 36.40054944640259
10 28 36.40054944640259
10 29 53.16013544000805
10 30 26.92582403567252
10 31 25.80697580112788
10 32 36.22154055254967
10 33 29.427877939124322
10 34 35.35533905932738
10 35 60.00833275470999
10 36 12.206555615733702
10 37 18.681541692269406
10 38 54.20332093147061
10 39 13.45362404707371
10 40 26.570660511172846
10 41 70.45565981523414
10 42 34.0
10 43 47.70744176750625
10 44 8.06225774829855
10 45 38.05259518088089
10 46 27.65863337187866
10 47 60.74537019394976
10 48 39.0
10 49 49.09175083453431
10 50 57.0087712549569
10 51 38.27531841800928
10 52 54.08326913195984
10 53 42.44997055358225
10 54 58.309518948453004
10 55 55.90169943749474
10 56 15.0
10 57 20.518284528683193
10 58 37.05401462729781
10 59 10.63014581273465
10 60 8.94427190999916
10 61 17.0
10 62 32.802438933713454
10 63 41.23105625617661
10 64 18.439088914585774
10 65 21.93171219946131
10 66 43.657759905886145
10 67 65.29931086925804
10 68 54.74486277268398
10 69 59.20304046246274
10 70 24.839484696748443
10 71 64.89992295835181
10 72 29.154759474226502
10 73 67.62396025078685
10 74 49.09175083453431
10 75 31.400636936215164
10 76 43.829214001622255
10 77 7.211102550927978
10 78 6.4031242374328485
10 79 13.601470508735444
10 80 38.3275357934736
10 81 49.8196748283246
10 82 12.083045973594572
10 83 45.45327270945405
10 84 21.213203435596427
10 85 31.575306807693888
11 1 58.728187440104094
11 2 65.60487786742691
11 3 55.00909015790027
11 4 60.876925020897694
11 5 39.0
11 6 45.221676218380054
11 7 30.805843601498726
11 8 41.340053217188775
11 9 71.449282711585
11 10 21.213203435596427
11 11 0.0
11 12 79.30952023559341
11 13 33.61547262794322
11 14 23.345235059857504
11 15 87.96590248499699
11 16 75.31268153505093
11 17 18.027756377319946
11 18 12.649110640673518
11 19 49.193495504995376
11 20 49.040799340956916
11 21 41.7612260356422
11 22 75.58438992278762
11 23 42.05948168962618
11 24 11.661903789690601
11 25 56.04462507680822
11 26 20.591260281974
11 27 55.90169943749474
11 28 57.48912940721924
11 29 72.49827584156743
11 30 13.601470508735444
11 31 30.59411708155671
11 32 28.319604517012593
11 33 17.204650534085253
11 34 56.0357029044876
11 35 80.1311425102625
11 36 9.433981132056603
11 37 20.223748416156685
11 38 74.88658090739622
11 39 34.655446902326915
11 40 26.0
11 41 77.1621668954417
11 42 34.438350715445125
11 43 68.60029154456998
11 44 28.0178514522438
11 45 54.57105459856901
11 46 33.54101966249684
11 47 81.60882305241266
11 48 36.61966684720111
11 49 49.39635614091387
11 50 78.10249675906654
11 51 51.03920062069938
11 52 73.79024325749306
11 53 26.30589287593181
11 54 75.96051605933177
11 55 74.33034373659252
11 56 27.65863337187866
11 57 29.0
11 58 27.80287754891569
11 59 23.08679276123039
11 60 13.038404810405298
11 61 30.805843601498726
11 62 41.30375285612676
11 63 61.40032573203501
11 64 38.07886552931954
11 65 24.515301344262525
11 66 26.0
11 67 86.45229898620394
11 68 69.26037828369117
11 69 78.39005038906404
11 70 46.010868281309364
11 71 72.12489168102785
11 72 49.39635614091387
11 73 88.72992730753249
11 74 57.271284253105414
11 75 47.07440918375928
11 76 51.97114584074513
11 77 21.02379604162864
11 78 21.470910553583888
11 79 33.83784863137726
11 80 53.9351462406472
11 81 64.28063471995279
11 82 27.85677655436824
11 83 66.60330322138685
11 84 40.24922359499622
11 85 50.566787519082126
12 1 20.615528128088304
12 2 14.7648230602334
12 3 34.23448553724738
12 4 18.439088914585774
12 5 44.41846462902562
12 6 68.8839603971781
12 7 88.11923740024082
12 8 78.74642849044012
12 9 8.06225774829855
12 10 58.137767414994535
12 11 79.30952023559341
12 12 0.0
12 13 50.99019513592785
12 14 80.77747210701756
12 15 8.94427190999916
12 16 41.78516483155236
12 17 91.67878707749138
12 18 85.14693182963201
12 19 38.07886552931954
12 20 55.90169943749474
12 21 67.72001181334805
12 22 21.93171219946131
12 23 42.15447781671598
12 24 90.78546139112804
12 25 68.18357573492314
12 26 60.21627686929839
12 27 29.410882339705484
12 28 23.769728648009426
12 29 24.041630560342615
12 30 83.21658488546619
12 31 68.9492567037528
12 32 84.11896337925236
12 33 83.00602387778854
12 34 27.892651361962706
12 35 17.804493814764857
12 36 70.2922470831599
12 37 68.24221567329127
12 38 11.40175425099138
12 39 44.82186966202994
12 40 72.069410986909
12 41 79.2464510246358
12 42 73.53910524340094
12 43 18.110770276274835
12 44 52.43090691567332
12 45 46.0
12 46 68.00735254367721
12 47 8.602325267042627
12 48 79.47955712005447
12 49 80.8084154033477
12 50 3.1622776601683795
12 51 51.62363799656123
12 52 21.18962010041709
12 53 96.26006440887103
12 54 34.92849839314596
12 55 30.083217912982647
12 56 56.859475903318
12 57 63.694583757176716
12 58 85.95929269136641
12 59 60.53924347066124
12 60 66.48308055437865
12 61 56.859475903318
12 62 60.728905802755904
12 63 28.0
12 64 42.80186911806539
12 65 70.26378868236469
12 66 98.60020283954795
12 67 7.211102550927978
12 68 48.05205510693585
12 69 25.553864678361276
12 70 33.83784863137726
12 71 74.67261881037788
12 72 34.785054261852174
12 73 9.848857801796104
12 74 65.06919393998976
12 75 49.49747468305833
12 76 63.50590523722971
12 77 59.464274989274024
12 78 58.728187440104094
12 79 47.16990566028302
12 80 49.0
12 81 47.265209192385896
12 82 54.20332093147061
12 83 12.727922061357855
12 84 44.384682042344295
12 85 34.539832078341085
13 1 31.32091952673165
13 2 40.024992192379
13 3 21.633307652783937
13 4 33.52610922848042
13 5 28.0178514522438
13 6 54.08326913195984
13 7 56.22277118748239
13 8 57.38466694161429
13 9 42.95346318982906
13 10 16.1245154965971
13 11 33.61547262794322
13 12 50.99019513592785
13 13 0.0
13 14 47.16990566028302
13 15 59.93329625508679
13 16 63.324560795950255
13 17 50.44799302251776
13 18 43.93176527297759
13 19 15.811388300841896
13 20 48.83646178829912
13 21 50.774009099144415
13 22 55.036351623268054
13 23 9.219544457292887
13 24 43.56604182158393
13 25 61.61980201201558
13 26 13.341664064126334
13 27 37.48332962798263
13 28 27.294688127912362
13 29 53.009433122794285
13 30 33.24154027718932
13 31 19.026297590440446
13 32 52.3450093132096
13 33 45.09988913511872
13 34 24.20743687382041
13 35 57.55866572463264
13 36 24.351591323771842
13 37 34.713109915419565
13 38 50.21951811795888
13 39 12.529964086141668
13 40 42.44997055358225
13 41 82.07313811473277
13 42 49.39635614091387
13 43 36.87817782917155
13 44 8.54400374531753
13 45 22.0
13 46 19.1049731745428
13 47 55.65968020030299
13 48 54.70831746635972
13 49 63.953107821277925
13 50 50.695167422546305
13 51 47.80167361086848
13 52 53.03772242470448
13 53 57.706152185014034
13 54 60.8276253029822
13 55 57.3149195236284
13 56 28.653097563788805
13 57 13.152946437965905
13 58 53.150729063673246
13 59 10.816653826391969
13 60 24.08318915758459
13 61 6.082762530298219
13 62 45.60701700396552
13 63 28.42534080710379
13 64 23.323807579381203
13 65 19.313207915827967
13 66 58.463663928973865
13 67 58.137767414994535
13 68 61.326992425847855
13 69 59.0
13 70 18.24828759089466
13 71 76.4198926981712
13 72 17.029386365926403
13 73 60.83584469702052
13 74 60.81118318204309
13 75 15.297058540778355
13 76 55.90169943749474
13 77 22.80350850198276
13 78 21.840329667841555
13 79 6.708203932499369
13 80 22.20360331117452
13 81 56.79788728465171
13 82 24.698178070456937
13 83 39.21734310225516
13 84 7.0710678118654755
13 85 34.48187929913333
14 1 61.741396161732524
14 2 66.03786792439622
14 3 65.49045732013177
14 4 63.50590523722971
14 5 36.359317925395686
14 6 26.076809620810597
14 7 9.055385138137417
14 8 18.973665961010276
14 9 73.824115301167
14 10 31.064449134018133
14 11 23.345235059857504
14 12 80.77747210701756
14 13 47.16990566028302
14 14 0.0
14 15 88.48163651289458
14 16 64.41273166075166
14 17 16.1245154965971
14 18 13.601470508735444
14 19 60.207972893961475
14 20 34.92849839314596
14 21 23.345235059857504
14 22 70.7248188403477
14 23 53.08483775994799
14 24 28.792360097775937
14 25 37.013511046643494
14 26 34.713109915419565
14 27 52.630789467763066
14 28 63.245553203367585
14 29 67.20863039818622
14 30 36.87817782917155
14 31 51.42956348249516
14 32 5.385164807134504
14 33 7.280109889280518
14 34 63.788713735268246
14 35 76.38062581571324
14 36 26.832815729997478
14 37 13.341664064126334
14 38 73.40980860893181
14 39 41.593268686170845
14 40 9.219544457292887
14 41 56.71860364994893
14 42 14.035668847618199
14 43 74.94664769020693
14 44 39.01281840626232
14 45 69.1158447825099
14 46 54.12947441089743
14 47 80.60397012554654
14 48 13.92838827718412
14 49 26.92582403567252
14 50 78.77182237323191
14 51 38.47076812334269
14 52 69.29646455628166
14 53 16.401219466856727
14 54 67.11929677819934
14 55 67.00746227100382
14 56 24.166091947189145
14 57 48.104053883222775
14 58 6.0
14 59 39.293765408777
14 60 23.769728648009426
14 61 47.07440918375928
14 62 26.40075756488817
14 63 70.40596565632774
14 64 38.48376280978771
14 65 45.65084884205331
14 66 19.72308292331602
14 67 87.36704184073076
14 68 56.462376853972415
14 69 72.34638899074369
14 70 51.92301994298868
14 71 52.23983154643591
14 72 58.69412236331676
14 73 89.05054744357274
14 74 39.20459156782532
14 75 62.39390995922599
14 76 34.52535300326414
14 77 25.079872407968907
14 78 26.076809620810597
14 79 44.04543109109048
14 80 69.35416353759881
14 81 51.894122981316485
14 82 27.51363298439521
14 83 68.47627326307996
14 84 52.009614495783374
14 85 47.01063709417264
15 1 29.410882339705484
15 2 22.67156809750927
15 3 42.7551166528639
15 4 27.202941017470888
15 5 52.20153254455275
15 6 74.94664769020693
15 7 95.524865872714
15 8 85.23496934944014
15 9 17.0
15 10 66.84309986827361
15 11 87.96590248499699
15 12 8.94427190999916
15 13 59.93329625508679
15 14 88.48163651289458
15 15 0.0
15 16 43.56604182158393
15 17 99.90495483208028
15 18 93.43446901438462
15 19 46.84015371452148
15 20 61.68468205316454
15 21 74.09453421137081
15 22 24.020824298928627
15 23 51.07837115648854
15 24 99.48869282486326
15 25 73.16419889536138
15 26 69.06518659932803
15 27 36.235341863986875
15 28 32.69556544854363
15 29 27.018512172212592
15 30 92.11405973031478
15 31 77.83315488916018
15 32 91.58602513484249
15 33 91.0494371207203
15 34 36.68787265568828
15 35 18.24828759089466
15 36 79.02531240052139
15 37 76.21679604916491
15 38 15.811388300841896
15 39 53.600373133029585
15 40 79.61155694998057
15 41 82.21921916437786
15 42 80.49844718999243
15 43 26.076809620810597
15 44 61.29437168288782
15 45 54.147945482723536
15 46 76.84399781375251
15 47 9.055385138137417
15 48 86.33075929238663
15 49 86.68333173107735
15 50 9.899494936611665
15 51 57.28001396647874
15 52 24.020824298928627
15 53 104.20172743289815
15 54 36.49657518178932
15 55 32.14031735997639
15 56 64.81512169239521
15 57 72.61542535852834
15 58 93.49331526906082
15 59 69.46221994724903
15 60 75.07329751649384
15 61 65.79513659838392
15 62 67.23094525588644
15 63 36.22154055254967
15 64 50.99019513592785
15 65 79.20227269466452
15 66 106.66770832824712
15 67 2.0
15 68 51.03920062069938
15 69 26.476404589747453
15 70 42.720018726587654
15 71 78.02563681252464
15 72 43.657759905886145
15 73 1.0
15 74 69.87131027825369
15 75 58.05170109479997
15 76 68.8839603971781
15 77 67.88225099390856
15 78 67.17886572427373
15 79 56.08029957123981
15 80 57.14017850864661
15 81 51.088159097779204
15 82 62.369864518050704
15 83 21.400934559032695
15 84 53.31041174104736
15 85 41.677331968349414
16 1 40.45985664828782
16 2 34.058772731852805
16 3 60.21627686929839
16 4 39.6232255123179
16 5 38.01315561749642
16 6 41.773197148410844
16 7 68.24221567329127
16 8 53.075418038862395
16 9 41.340053217188775
16 10 59.00847396772772
16 11 75.31268153505093
16 12 41.78516483155236
16 13 63.324560795950255
16 14 64.41273166075166
16 15 43.56604182158393
16 16 0.0
16 17 79.7057087039567
16 18 74.67261881037788
16 19 60.03332407921454
16 20 29.68164415931166
16 21 42.80186911806539
16 22 19.924858845171276
16 23 58.69412236331676
16 24 86.34813257969161
16 25 35.22782990761707
16 26 64.1248781675256
16 27 26.40075756488817
16 28 47.634021455258214
16 29 17.88854381999832
16 30 85.21150157109074
16 31 81.58431221748455
16 32 65.19202405202648
16 33 69.85699678629192
16 34 52.80151512977634
16 35 25.317977802344327
16 36 69.26037828369117
16 37 56.61271941887264
16 38 30.463092423455635
16 39 51.19570294468082
16 40 55.46169849544819
16 41 39.01281840626232
16 42 51.86520991955976
16 43 52.630789467763066
16 44 58.69412236331676
16 45 72.40165743959182
16 46 82.22530024268686
16 47 34.92849839314596
16 48 56.22277118748239
16 49 51.22499389946279
16 50 38.62641583165593
16 51 25.942243542145693
16 52 20.615528128088304
16 53 80.62257748298549
16 54 7.0710678118654755
16 55 11.704699910719626
16 56 47.67598976424087
16 57 75.50496672405067
16 58 67.4166151627327
16 59 67.47592163134935
16 60 63.387695966961914
16 61 68.8839603971781
16 62 38.07886552931954
16 63 58.05170109479997
16 64 41.30375285612676
16 65 79.63039620647382
16 66 84.11896337925236
16 67 43.93176527297759
16 68 9.433981132056603
16 69 17.11724276862369
16 70 47.4236228055175
16 71 35.35533905932738
16 72 55.569775957799216
16 73 43.41658669218482
16 74 31.622776601683793
16 75 71.55417527999327
16 76 33.24154027718932
16 77 55.226805085936306
16 78 55.14526271584895
16 79 56.753854494650845
16 80 74.94664769020693
16 81 12.806248474865697
16 82 48.16637831516918
16 83 38.41874542459709
16 84 60.166435825965294
16 85 28.861739379323623
17 1 71.61005515987263
17 2 77.23341245859851
17 3 71.16881339463234
17 4 73.60027173862879
17 5 48.104053883222775
17 6 42.190046219457976
17 7 18.384776310850235
17 8 34.23448553724738
17 9 84.20213774008353
17 10 35.84689665786984
17 11 18.027756377319946
17 12 91.67878707749138
17 13 50.44799302251776
17 14 16.1245154965971
17 15 99.90495483208028
17 16 79.7057087039567
17 17 0.0
17 18 6.708203932499369
17 19 65.45991139621256
17 20 50.59644256269407
17 21 39.45883931389772
17 22 84.20213774008353
17 23 58.18934610390462
17 24 16.278820596099706
17 25 53.08483775994799
17 26 37.107950630558946
17 27 65.19202405202648
17 28 71.69379331573968
17 29 80.80222769206304
17 30 28.635642126552707
17 31 48.507731342539614
17 32 18.24828759089466
17 33 9.848857801796104
17 34 71.11258679024411
17 35 89.49860334105779
17 36 26.30589287593181
17 37 24.20743687382041
17 38 85.56284240252891
17 39 48.76474136094644
17 40 24.351591323771842
17 41 72.3394774656273
17 42 30.14962686336267
17 43 83.24061508662703
17 44 43.657759905886145
17 45 72.00694410957877
17 46 51.478150704935004
17 47 92.63368717696602
17 48 29.154759474226502
17 49 41.773197148410844
17 50 90.02777349240623
17 51 53.85164807134504
17 52 82.61961026293939
17 53 8.54400374531753
17 54 81.88406438373708
17 55 81.30190649671138
17 56 35.38361202590826
17 57 47.01063709417264
17 58 16.492422502470642
17 59 40.44749683231337
17 60 26.92582403567252
17 61 48.373546489791295
17 62 42.05948168962618
17 63 77.07788269017254
17 64 48.91829923454004
17 65 42.42640687119285
17 66 8.06225774829855
17 67 98.59513172565875
17 68 72.11102550927978
17 69 86.2670273047588
17 70 60.03332407921454
17 71 68.06614430096654
17 72 65.0
17 73 100.56838469419701
17 74 55.326304774492215
17 75 64.6297145282261
17 76 50.635955604688654
17 77 32.449961479175904
17 78 33.28663395418648
17 79 49.39635614091387
17 80 71.56814934033156
17 81 67.4166151627327
17 82 37.53664875824692
17 83 79.02531240052139
17 84 56.61271941887264
17 85 59.54829972383762
18 1 65.0
18 2 70.76722405181653
18 3 64.51356446515724
18 4 67.00746227100382
18 5 41.86884283091664
18 6 39.05124837953327
18 7 19.1049731745428
18 8 32.57299494980466
18 9 77.62087348130012
18 10 29.154759474226502
18 11 12.649110640673518
18 12 85.14693182963201
18 13 43.93176527297759
18 14 13.601470508735444
18 15 93.43446901438462
18 16 74.67261881037788
18 17 6.708203932499369
18 18 0.0
18 19 58.82176467941097
18 20 46.09772228646444
18 21 36.0
18 22 78.2368199762746
18 23 51.54609587543949
18 24 15.231546211727817
18 25 50.08991914547278
18 26 30.59411708155671
18 27 59.033888572581766
18 28 65.0
18 29 74.88658090739622
18 30 25.0
18 31 43.174066289845804
18 32 17.4928556845359
18 33 6.324555320336759
18 34 64.40496875241847
18 35 83.40863264674707
18 36 20.024984394500787
18 37 18.35755975068582
18 38 79.2464510246358
18 39 42.05948168962618
18 40 20.09975124224178
18 41 70.21395872616783
18 42 27.16615541441225
18 43 76.53757247260981
18 44 37.0
18 45 65.62011886609167
18 46 46.09772228646444
18 47 86.27861844049197
18 48 27.51363298439521
18 49 40.496913462633174
18 50 83.54639429682169
18 51 49.040799340956916
18 52 76.60939890117922
18 53 14.0
18 54 76.48529270389177
18 55 75.66372975210778
18 56 29.206163733020468
18 57 41.19465984809196
18 58 16.401219466856727
18 59 34.132096331752024
18 60 20.248456731316587
18 61 42.1070065428546
18 62 37.656340767525464
18 63 70.3846574190711
18 64 42.44997055358225
18 65 37.107950630558946
18 66 14.560219778561036
18 67 92.09777413162601
18 68 67.446274915669
18 69 80.45495634204272
18 70 53.33854141237835
18 71 65.62011886609167
18 72 58.309518948453004
18 73 94.11163583744573
18 74 52.0
18 75 58.309518948453004
18 76 47.042533945356304
18 77 25.80697580112788
18 78 26.627053911388696
18 79 42.720018726587654
18 80 65.27633568147036
18 81 62.6418390534633
18 82 31.11269837220809
18 83 72.47068372797375
18 84 50.0
18 85 53.41348144429457
19 1 21.37755832643195
19 2 30.265491900843113
19 3 5.830951894845301
19 4 23.194827009486403
19 5 32.202484376209235
19 6 61.68468205316454
19 7 69.1158447825099
19 8 67.26812023536856
19 9 30.4138126514911
19 10 29.832867780352597
19 11 49.193495504995376
19 12 38.07886552931954
19 13 15.811388300841896
19 14 60.207972893961475
19 15 46.84015371452148
19 16 60.03332407921454
19 17 65.45991139621256
19 18 58.82176467941097
19 19 0.0
19 20 53.33854141237835
19 21 58.82176467941097
19 22 47.29693436154187
19 23 7.280109889280518
19 24 59.36328831862332
19 25 67.11929677819934
19 26 28.635642126552707
19 27 33.83784863137726
19 28 15.0
19 29 46.17358552246078
19 30 48.83646178829912
19 31 31.304951684997057
19 32 65.06919393998976
19 33 59.22837157984339
19 34 10.198039027185569
19 35 48.25971404805462
19 36 39.81205847478876
19 37 47.042533945356304
19 38 40.049968789001575
19 39 19.1049731745428
19 40 54.037024344425184
19 41 85.80209787645055
19 42 59.682493245507096
19 43 21.95449840010015
19 44 21.840329667841555
19 45 12.727922061357855
19 46 30.083217912982647
19 47 44.181444068749045
19 48 65.49045732013177
19 49 72.80109889280519
19 50 38.47076812334269
19 51 51.03920062069938
19 52 45.35416188179427
19 53 72.27724399837061
19 54 55.94640292279746
19 55 51.62363799656123
19 56 38.3275357934736
19 57 26.627053911388696
19 58 66.18912297349165
19 59 26.627053911388696
19 60 38.600518131237564
19 61 20.518284528683193
19 62 52.55473337388365
19 63 12.727922061357855
19 64 27.313000567495326
19 65 33.60059523282288
19 66 73.37574531137656
19 67 44.9221548904324
19 68 60.440052945046304
19 69 51.66236541235796
19 70 13.45362404707371
19 71 80.2122185206219
19 72 4.47213595499958
19 73 47.80167361086848
19 74 65.5133574166368
19 75 12.165525060596439
19 76 61.29437168288782
19 77 35.12833614050059
19 78 34.132096331752024
19 79 16.278820596099706
19 80 15.0
19 81 56.639209034025185
19 82 34.23448553724738
19 83 28.0
19 84 8.94427190999916
19 85 33.24154027718932
20 1 42.42640687119285
20 2 42.1070065428546
20 3 56.36488268416781
20 4 43.18564576337837
20 5 21.400934559032695
20 6 13.416407864998739
20 7 38.600518131237564
20 8 24.413111231467404
20 9 51.088159097779204
20 10 38.01315561749642
20 11 49.040799340956916
20 12 55.90169943749474
20 13 48.83646178829912
20 14 34.92849839314596
20 15 61.68468205316454
20 16 29.68164415931166
20 17 50.59644256269407
20 18 46.09772228646444
20 19 53.33854141237835
20 20 0.0
20 21 13.45362404707371
20 22 39.824615503479755
20 23 48.60041152089147
20 24 59.135437767890075
20 25 13.92838827718412
20 26 43.829214001622255
20 27 27.018512172212592
20 28 47.53945729601885
20 29 36.235341863986875
20 30 60.8276253029822
20 31 63.631753079732135
20 32 35.510561809129406
20 33 40.80441152620633
20 34 50.92150822589606
20 35 46.06517122512408
20 36 45.12205669071391
20 37 29.017236257093817
20 38 45.880278987817846
20 39 36.796738985948195
20 40 26.248809496813376
20 41 33.24154027718932
20 42 22.20360331117452
20 43 57.55866572463264
20 44 41.400483088968905
20 45 65.73431371817918
20 46 65.19202405202648
20 47 52.81098370604357
20 48 26.870057685088806
20 49 25.0
20 50 53.150729063673246
20 51 4.47213595499958
20 52 38.91015291668744
20 53 51.0
20 54 33.24154027718932
20 55 34.20526275297414
20 56 23.40939982143925
20 57 57.982756057296896
20 58 37.73592452822641
20 59 48.373546489791295
20 60 39.05124837953327
20 61 52.80151512977634
20 62 8.54400374531753
20 63 57.87054518492115
20 64 26.40075756488817
20 65 59.93329625508679
20 66 54.56189146281496
20 67 61.1310068623117
20 68 21.540659228538015
20 69 40.22437072223753
20 70 40.24922359499622
20 71 27.586228448267445
20 72 49.64876634922564
20 73 61.98386886924694
20 74 12.206555615733702
20 75 61.84658438426491
20 76 8.246211251235321
20 77 31.953090617340916
20 78 32.31098884280702
20 79 42.42640687119285
20 80 67.42403132415029
20 81 17.0
20 82 25.942243542145693
20 83 46.010868281309364
20 84 49.040799340956916
20 85 23.194827009486403
21 1 52.08646657242167
21 2 53.36665625650534
21 3 62.81719509815764
21 4 53.23532661682466
21 5 27.294688127912362
21 6 3.605551275463989
21 7 25.553864678361276
21 8 11.180339887498949
21 9 62.16912416947821
21 10 36.796738985948195
21 11 41.7612260356422
21 12 67.72001181334805
21 13 50.774009099144415
21 14 23.345235059857504
21 15 74.09453421137081
21 16 42.80186911806539
21 17 39.45883931389772
21 18 36.0
21 19 58.82176467941097
21 20 13.45362404707371
21 21 0.0
21 22 53.0
21 23 52.92447448959697
21 24 50.35871324805669
21 25 14.317821063276353
21 26 42.42640687119285
21 27 38.3275357934736
21 28 56.08029957123981
21 29 49.39635614091387
21 30 54.78138369920935
21 31 62.289646009589745
21 32 22.847319317591726
21 33 30.066592756745816
21 34 58.54912467321779
21 35 59.16924876994806
21 36 40.311288741492746
21 37 21.93171219946131
21 38 58.309518948453004
21 39 40.311288741492746
