1 1 0.0
1 2 22.47220505424423
1 3 14.212670403551895
1 4 24.041630560342615
1 5 25.495097567963924
1 6 34.713109915419565
1 7 18.0
1 8 5.0990195135927845
1 9 30.083217912982647
1 10 25.942243542145693
1 11 10.04987562112089
1 12 7.211102550927978
1 13 20.518284528683193
1 14 28.071337695236398
1 15 4.123105625617661
1 16 26.0
1 17 26.627053911388696
1 18 28.319604517012593
1 19 20.12461179749811
1 20 7.0710678118654755
1 21 26.076809620810597
1 22 43.41658669218482
1 23 36.796738985948195
1 24 15.033296378372908
1 25 25.495097567963924
1 26 10.770329614269007
1 27 32.55764119219941
1 28 34.713109915419565
1 29 28.442925306655784
1 30 18.24828759089466
1 31 32.14031735997639
1 32 22.360679774997898
1 33 33.015148038438355
1 34 13.0
1 35 24.73863375370596
1 36 30.675723300355934
1 37 12.206555615733702
1 38 32.01562118716424
1 39 29.546573405388315
1 40 21.2602916254693
2 1 22.47220505424423
2 2 0.0
2 3 32.01562118716424
2 4 20.518284528683193
2 5 5.0
2 6 38.2099463490856
2 7 8.54400374531753
2 8 22.20360331117452
2 9 24.698178070456937
2 10 17.4928556845359
2 11 20.09975124224178
2 12 15.524174696260024
2 13 9.899494936611665
2 14 30.479501308256342
2 15 26.570660511172846
2 16 9.433981132056603
2 17 15.231546211727817
2 18 11.0
2 19 15.620499351813308
2 20 15.652475842498529
2 21 6.082762530298219
2 22 26.68332812825267
2 23 19.4164878389476
2 24 10.816653826391969
2 25 9.219544457292887
2 26 17.11724276862369
2 27 16.0312195418814
2 28 29.5296461204668
2 29 25.612496949731394
2 30 5.830951894845301
2 31 33.94112549695428
2 32 28.653097563788805
2 33 33.301651610693426
2 34 21.587033144922902
2 35 21.93171219946131
2 36 37.44329045369811
2 37 31.016124838541646
2 38 32.55764119219941
2 39 7.211102550927978
2 40 7.810249675906654
3 1 14.212670403551895
3 2 32.01562118716424
3 3 0.0
3 4 22.80350850198276
3 5 36.22154055254967
3 6 25.317977802344327
3 7 30.364452901377952
3 8 10.770329614269007
3 9 27.586228448267445
3 10 26.92582403567252
3 11 12.041594578792296
3 12 17.72004514666935
3 13 25.709920264364882
3 14 21.02379604162864
3 15 12.206555615733702
3 16 38.07886552931954
3 17 29.068883707497267
3 18 33.52610922848042
3 19 21.93171219946131
3 20 19.697715603592208
3 21 33.37663853655727
3 22 45.48626166217664
3 23 40.24922359499622
3 24 27.85677655436824
3 25 31.04834939252005
3 26 15.033296378372908
3 27 36.24913792078372
3 28 30.805843601498726
3 29 24.839484696748443
3 30 29.614185789921695
3 31 24.351591323771842
3 32 14.7648230602334
3 33 26.0
3 34 11.704699910719626
3 35 22.67156809750927
3 36 20.024984394500787
3 37 2.23606797749979
3 38 25.079872407968907
3 39 38.118237105091836
3 40 27.459060435491963
4 1 24.041630560342615
4 2 20.518284528683193
4 3 22.80350850198276
4 4 0.0
4 5 25.45584412271571
4 6 17.804493814764857
4 7 25.495097567963924
4 8 19.697715603592208
4 9 6.082762530298219
4 10 5.0
4 11 14.317821063276353
4 12 19.026297590440446
4 13 10.63014581273465
4 14 10.295630140987
4 15 26.40075756488817
4 16 29.832867780352597
4 17 8.06225774829855
4 18 14.560219778561036
4 19 5.385164807134504
4 20 22.0
4 21 17.4928556845359
4 22 22.825424421026653
4 23 18.439088914585774
4 24 25.298221281347036
4 25 13.416407864998739
4 26 13.341664064126334
4 27 15.033296378372908
4 28 11.0
4 29 5.385164807134504
4 30 22.825424421026653
4 31 13.45362404707371
4 32 11.045361017187261
4 33 12.806248474865697
4 34 12.206555615733702
4 35 1.4142135623730951
4 36 18.027756377319946
4 37 23.345235059857504
4 38 12.041594578792296
4 39 22.825424421026653
4 40 12.727922061357855
5 1 25.495097567963924
5 2 5.0
5 3 36.22154055254967
5 4 25.45584412271571
5 5 0.0
5 6 43.18564576337837
5 7 8.602325267042627
5 8 26.0
5 9 29.410882339705484
5 10 22.20360331117452
5 11 24.515301344262525
5 12 19.026297590440446
5 13 14.866068747318506
5 14 35.4682957019364
5 15 29.614185789921695
5 16 5.0990195135927845
5 17 19.72308292331602
5 18 14.560219778561036
5 19 20.615528128088304
5 20 18.439088914585774
5 21 9.486832980505138
5 22 29.068883707497267
5 23 22.0
5 24 11.661903789690601
5 25 13.416407864998739
5 26 21.587033144922902
5 27 19.235384061671343
5 28 34.132096331752024
5 29 30.479501308256342
5 30 7.280109889280518
5 31 38.897300677553446
5 32 33.61547262794322
5 33 38.2099463490856
5 34 26.248809496813376
5 35 26.870057685088806
5 36 42.43819034784589
5 37 35.05709628591621
5 38 37.48332962798263
5 39 7.280109889280518
5 40 12.727922061357855
6 1 34.713109915419565
6 2 38.2099463490856
6 3 25.317977802344327
6 4 17.804493814764857
6 5 43.18564576337837
6 6 0.0
6 7 42.20189569201838
6 8 29.614185789921695
6 9 15.811388300841896
6 10 21.95449840010015
6 11 25.298221281347036
6 12 32.69556544854363
6 13 28.319604517012593
6 14 7.810249675906654
6 15 35.12833614050059
6 16 47.38143096192854
6 17 25.059928172283335
6 18 31.76476034853718
6 19 22.627416997969522
6 20 35.84689665786984
6 21 35.22782990761707
6 22 34.0
6 23 32.7566787083184
6 24 41.340053217188775
6 25 31.064449134018133
6 26 26.40075756488817
6 27 30.675723300355934
6 28 14.0
6 29 13.416407864998739
6 30 39.824615503479755
6 31 4.47213595499958
6 32 12.36931687685298
6 33 6.082762530298219
6 34 22.135943621178654
6 35 16.401219466856727
6 36 5.830951894845301
6 37 27.16615541441225
6 38 6.324555320336759
6 39 40.496913462633174
6 40 30.479501308256342
7 1 18.0
7 2 8.54400374531753
7 3 30.364452901377952
7 4 25.495097567963924
7 5 8.602325267042627
7 6 42.20189569201838
7 7 0.0
7 8 19.6468827043885
7 9 30.675723300355934
7 10 23.769728648009426
7 11 19.72308292331602
7 12 12.649110640673518
7 13 15.524174696260024
7 14 34.40930106817051
7 15 22.02271554554524
7 16 8.0
7 17 22.20360331117452
7 18 19.235384061671343
7 19 20.12461179749811
7 20 11.045361017187261
7 21 14.560219778561036
7 22 35.17101079013795
7 23 27.892651361962706
7 24 3.1622776601683795
7 25 17.029386365926403
7 26 17.204650534085253
7 27 24.331050121192877
7 28 35.73513677041127
7 29 30.870698080866262
7 30 3.0
7 31 38.27531841800928
7 32 31.11269837220809
7 33 38.07886552931954
7 34 22.20360331117452
7 35 26.832815729997478
7 36 40.311288741492746
7 37 28.861739379323623
7 38 37.21558813185679
7 39 15.0
7 40 14.142135623730951
8 1 5.0990195135927845
8 2 22.20360331117452
8 3 10.770329614269007
8 4 19.697715603592208
8 5 26.0
8 6 29.614185789921695
8 7 19.6468827043885
8 8 0.0
8 9 25.632011235952593
8 10 22.20360331117452
8 11 5.385164807134504
8 12 7.0710678118654755
8 13 18.027756377319946
8 14 23.021728866442675
8 15 6.708203932499369
8 16 27.459060435491963
8 17 23.345235059857504
8 18 26.076809620810597
8 19 16.401219466856727
8 20 8.94427190999916
8 21 24.698178070456937
8 22 40.311288741492746
8 23 34.058772731852805
8 24 17.08800749063506
8 25 23.323807579381203
8 26 7.0710678118654755
8 27 29.832867780352597
8 28 30.083217912982647
8 29 23.769728648009426
8 30 19.1049731745428
8 31 27.073972741361768
8 32 17.26267650163207
8 33 28.0
8 34 8.06225774829855
8 35 20.248456731316587
8 36 25.632011235952593
8 37 9.219544457292887
8 38 27.0
8 39 28.861739379323623
8 40 19.235384061671343
9 1 30.083217912982647
9 2 24.698178070456937
9 3 27.586228448267445
9 4 6.082762530298219
9 5 29.410882339705484
9 6 15.811388300841896
9 7 30.675723300355934
9 8 25.632011235952593
9 9 0.0
9 10 7.211102550927978
9 11 20.248456731316587
9 12 25.079872407968907
9 13 15.231546211727817
9 14 10.04987562112089
9 15 32.31098884280702
9 16 34.132096331752024
9 17 9.899494936611665
9 18 16.401219466856727
9 19 11.045361017187261
9 20 28.0178514522438
9 21 20.518284528683193
9 22 19.6468827043885
9 23 17.11724276862369
9 24 30.805843601498726
9 25 16.278820596099706
9 26 19.4164878389476
9 27 14.866068747318506
9 28 5.0990195135927845
9 29 3.1622776601683795
9 30 27.85677655436824
9 31 11.40175425099138
9 32 13.892443989449804
9 33 9.848857801796104
9 34 17.88854381999832
9 35 5.385164807134504
9 36 18.0
9 37 28.42534080710379
9 38 9.486832980505138
9 39 25.495097567963924
9 40 17.0
10 1 25.942243542145693
10 2 17.4928556845359
10 3 26.92582403567252
10 4 5.0
10 5 22.20360331117452
10 6 21.95449840010015
10 7 23.769728648009426
10 8 22.20360331117452
10 9 7.211102550927978
10 10 0.0
10 11 17.029386365926403
10 12 19.924858845171276
10 13 8.246211251235321
10 14 14.866068747318506
10 15 28.844410203711913
10 16 26.92582403567252
10 17 3.1622776601683795
10 18 9.848857801796104
10 19 5.830951894845301
10 20 22.561028345356956
10 21 13.45362404707371
10 22 18.601075237738275
10 23 13.601470508735444
10 24 24.186773244895647
10 25 9.219544457292887
10 26 15.264337522473747
10 27 10.04987562112089
10 28 12.083045973594572
10 29 8.602325267042627
10 30 20.8806130178211
10 31 17.4928556845359
10 32 16.0312195418814
10 33 16.401219466856727
10 34 15.620499351813308
10 35 6.082762530298219
10 36 22.80350850198276
10 37 27.202941017470888
10 38 15.811388300841896
10 39 18.601075237738275
10 40 9.848857801796104
11 1 10.04987562112089
11 2 20.09975124224178
11 3 12.041594578792296
11 4 14.317821063276353
11 5 24.515301344262525
11 6 25.298221281347036
11 7 19.72308292331602
11 8 5.385164807134504
11 9 20.248456731316587
11 10 17.029386365926403
11 11 0.0
11 12 7.810249675906654
11 13 13.92838827718412
11 14 18.24828759089466
11 15 12.083045973594572
11 16 26.92582403567252
11 17 18.439088914585774
11 18 21.93171219946131
11 19 11.313708498984761
11 20 10.816653826391969
11 21 21.37755832643195
11 22 35.38361202590826
11 23 29.410882339705484
11 24 17.804493814764857
11 25 19.313207915827967
11 26 3.0
11 27 25.238858928247925
11 28 24.73863375370596
11 29 18.439088914585774
11 30 18.384776310850235
11 31 22.360679774997898
11 32 13.0
11 33 23.08679276123039
11 34 3.1622776601683795
11 35 14.866068747318506
11 36 21.95449840010015
11 37 11.40175425099138
11 38 22.090722034374522
11 39 26.076809620810597
11 40 15.524174696260024
12 1 7.211102550927978
12 2 15.524174696260024
12 3 17.72004514666935
12 4 19.026297590440446
12 5 19.026297590440446
12 6 32.69556544854363
12 7 12.649110640673518
12 8 7.0710678118654755
12 9 25.079872407968907
12 10 19.924858845171276
12 11 7.810249675906654
12 12 0.0
12 13 13.601470508735444
12 14 25.298221281347036
12 15 11.180339887498949
12 16 20.396078054371138
12 17 20.12461179749811
12 18 21.213203435596427
12 19 14.317821063276353
12 20 3.1622776601683795
12 21 18.867962264113206
12 22 36.61966684720111
12 23 29.832867780352597
12 24 10.295630140987
12 25 18.384776310850235
12 26 6.324555320336759
12 27 25.612496949731394
12 28 30.01666203960727
12 29 24.020824298928627
12 30 12.041594578792296
12 31 29.410882339705484
12 32 20.591260281974
12 33 29.832867780352597
12 34 10.816653826391969
12 35 20.0
12 36 29.68164415931166
12 37 16.278820596099706
12 38 28.861739379323623
12 39 22.47220505424423
12 40 14.142135623730951
13 1 20.518284528683193
13 2 9.899494936611665
13 3 25.709920264364882
13 4 10.63014581273465
13 5 14.866068747318506
13 6 28.319604517012593
13 7 15.524174696260024
13 8 18.027756377319946
13 9 15.231546211727817
13 10 8.246211251235321
13 11 13.92838827718412
13 12 13.601470508735444
13 13 0.0
13 14 20.615528128088304
13 15 24.08318915758459
13 16 19.209372712298546
13 17 7.0710678118654755
13 18 8.06225774829855
13 19 5.830951894845301
13 20 15.652475842498529
13 21 8.06225774829855
13 22 23.021728866442675
13 23 16.278820596099706
13 24 16.0312195418814
13 25 5.385164807134504
13 26 11.180339887498949
13 27 12.041594578792296
13 28 20.248456731316587
13 29 15.811388300841896
13 30 12.649110640673518
13 31 24.041630560342615
13 32 19.313207915827967
13 33 23.430749027719962
13 34 14.142135623730951
13 35 12.041594578792296
13 36 27.784887978899608
13 37 25.298221281347036
13 38 22.67156809750927
13 39 13.341664064126334
13 40 2.23606797749979
14 1 28.071337695236398
14 2 30.479501308256342
14 3 21.02379604162864
14 4 10.295630140987
14 5 35.4682957019364
14 6 7.810249675906654
14 7 34.40930106817051
14 8 23.021728866442675
14 9 10.04987562112089
14 10 14.866068747318506
14 11 18.24828759089466
14 12 25.298221281347036
14 13 20.615528128088304
14 14 0.0
14 15 29.068883707497267
14 16 39.59797974644666
14 17 18.027756377319946
14 18 24.698178070456937
14 19 14.866068747318506
14 20 28.460498941515414
14 21 27.784887978899608
14 22 29.614185789921695
14 23 27.018512172212592
14 24 33.61547262794322
14 25 23.706539182259394
14 26 18.973665961010276
14 27 24.331050121192877
14 28 10.816653826391969
14 29 7.0
14 30 32.01562118716424
14 31 4.123105625617661
14 32 6.324555320336759
14 33 5.0990195135927845
14 34 15.132745950421556
14 35 8.94427190999916
14 36 8.06225774829855
14 37 22.47220505424423
14 38 4.123105625617661
14 39 33.12099032335839
14 40 22.80350850198276
15 1 4.123105625617661
15 2 26.570660511172846
15 3 12.206555615733702
15 4 26.40075756488817
15 5 29.614185789921695
15 6 35.12833614050059
15 7 22.02271554554524
15 8 6.708203932499369
15 9 32.31098884280702
15 10 28.844410203711913
15 11 12.083045973594572
15 12 11.180339887498949
15 13 24.08318915758459
15 14 29.068883707497267
15 15 0.0
15 16 30.01666203960727
15 17 29.832867780352597
15 18 32.01562118716424
15 19 23.021728866442675
15 20 11.180339887498949
15 21 30.01666203960727
15 22 46.75467891024384
15 23 40.311288741492746
15 24 19.0
15 25 29.206163733020468
15 26 13.601470508735444
15 27 36.069377593742864
15 28 36.68787265568828
15 29 30.364452901377952
15 30 22.360679774997898
15 31 33.015148038438355
15 32 23.0
15 33 34.132096331752024
15 34 14.560219778561036
15 35 26.92582403567252
15 36 30.59411708155671
15 37 10.0
15 38 33.13608305156178
15 39 33.61547262794322
15 40 25.0
16 1 26.0
16 2 9.433981132056603
16 3 38.07886552931954
16 4 29.832867780352597
16 5 5.0990195135927845
16 6 47.38143096192854
16 7 8.0
16 8 27.459060435491963
16 9 34.132096331752024
16 10 26.92582403567252
16 11 26.92582403567252
16 12 20.396078054371138
16 13 19.209372712298546
16 14 39.59797974644666
16 15 30.01666203960727
16 16 0.0
16 17 24.596747752497688
16 18 19.6468827043885
16 19 24.758836806279895
16 20 19.026297590440446
16 21 14.560219778561036
16 22 34.0147027033899
16 23 27.018512172212592
16 24 11.045361017187261
16 25 18.384776310850235
16 26 24.166091947189145
16 27 24.331050121192877
16 28 38.948684188300895
16 29 35.0
16 30 8.54400374531753
16 31 43.18564576337837
16 32 37.20215047547655
16 33 42.638011210655684
16 34 29.068883707497267
16 35 31.240998703626616
16 36 46.22769732530488
16 37 36.6742416417845
16 38 41.86884283091664
16 39 12.041594578792296
16 40 17.204650534085253
17 1 26.627053911388696
17 2 15.231546211727817
17 3 29.068883707497267
17 4 8.06225774829855
17 5 19.72308292331602
17 6 25.059928172283335
17 7 22.20360331117452
17 8 23.345235059857504
17 9 9.899494936611665
17 10 3.1622776601683795
17 11 18.439088914585774
17 12 20.12461179749811
17 13 7.0710678118654755
17 14 18.027756377319946
17 15 29.832867780352597
17 16 24.596747752497688
17 17 0.0
17 18 6.708203932499369
17 19 7.211102550927978
17 20 22.47220505424423
17 21 10.63014581273465
17 22 16.97056274847714
17 23 11.180339887498949
17 24 23.0
17 25 6.4031242374328485
17 26 16.278820596099706
17 27 7.280109889280518
17 28 14.422205101855956
17 29 11.661903789690601
17 30 19.235384061671343
17 31 20.591260281974
17 32 19.0
17 33 19.4164878389476
17 34 17.4928556845359
17 35 9.219544457292887
17 36 25.96150997149434
17 37 29.154759474226502
17 38 18.867962264113206
17 39 15.620499351813308
17 40 8.06225774829855
18 1 28.319604517012593
18 2 11.0
18 3 33.52610922848042
18 4 14.560219778561036
18 5 14.560219778561036
18 6 31.76476034853718
18 7 19.235384061671343
18 8 26.076809620810597
18 9 16.401219466856727
18 10 9.848857801796104
18 11 21.93171219946131
18 12 21.213203435596427
18 13 8.06225774829855
18 14 24.698178070456937
18 15 32.01562118716424
18 16 19.6468827043885
18 17 6.708203932499369
18 18 0.0
18 19 12.041594578792296
18 20 22.80350850198276
18 21 5.0990195135927845
18 22 16.15549442140351
18 23 8.94427190999916
18 24 20.8806130178211
18 25 2.8284271247461903
18 26 19.235384061671343
18 27 5.0990195135927845
18 28 20.518284528683193
18 29 18.35755975068582
18 30 16.278820596099706
18 31 27.294688127912362
18 32 25.179356624028344
18 33 26.076809620810597
18 34 21.840329667841555
18 35 15.811388300841896
18 36 32.57299494980466
18 37 33.24154027718932
18 38 25.553864678361276
18 39 9.219544457292887
18 40 7.0710678118654755
19 1 20.12461179749811
19 2 15.620499351813308
19 3 21.93171219946131
19 4 5.385164807134504
19 5 20.615528128088304
19 6 22.627416997969522
19 7 20.12461179749811
19 8 16.401219466856727
19 9 11.045361017187261
19 10 5.830951894845301
19 11 11.313708498984761
19 12 14.317821063276353
19 13 5.830951894845301
19 14 14.866068747318506
19 15 23.021728866442675
19 16 24.758836806279895
19 17 7.211102550927978
19 18 12.041594578792296
19 19 0.0
19 20 17.11724276862369
19 21 13.601470508735444
19 22 24.08318915758459
19 23 18.35755975068582
19 24 19.924858845171276
19 25 10.04987562112089
19 26 9.433981132056603
19 27 14.317821063276353
19 28 16.1245154965971
19 29 10.770329614269007
19 30 17.4928556845359
19 31 18.439088914585774
19 32 13.601470508735444
19 33 18.027756377319946
19 34 10.295630140987
19 35 6.708203932499369
19 36 21.95449840010015
19 37 21.95449840010015
19 38 17.204650534085253
19 39 18.973665961010276
19 40 8.06225774829855
20 1 7.0710678118654755
20 2 15.652475842498529
20 3 19.697715603592208
20 4 22.0
20 5 18.439088914585774
20 6 35.84689665786984
20 7 11.045361017187261
20 8 8.94427190999916
20 9 28.0178514522438
20 10 22.561028345356956
20 11 10.816653826391969
20 12 3.1622776601683795
20 13 15.652475842498529
20 14 28.460498941515414
20 15 11.180339887498949
20 16 19.026297590440446
20 17 22.47220505424423
20 18 22.80350850198276
20 19 17.11724276862369
20 20 0.0
20 21 19.849433241279208
20 22 38.58756276314948
20 23 31.622776601683793
20 24 8.246211251235321
20 25 20.0
20 26 9.486832980505138
20 27 27.459060435491963
20 28 33.0
20 29 27.073972741361768
20 30 11.180339887498949
20 31 32.57299494980466
20 32 23.706539182259394
20 33 32.984845004941285
20 34 13.892443989449804
20 35 23.021728866442675
20 36 32.7566787083184
20 37 18.027756377319946
20 38 32.01562118716424
20 39 22.825424421026653
20 40 15.811388300841896
21 1 26.076809620810597
21 2 6.082762530298219
21 3 33.37663853655727
21 4 17.4928556845359
21 5 9.486832980505138
21 6 35.22782990761707
21 7 14.560219778561036
21 8 24.698178070456937
21 9 20.518284528683193
21 10 13.45362404707371
21 11 21.37755832643195
21 12 18.867962264113206
21 13 8.06225774829855
21 14 27.784887978899608
21 15 30.01666203960727
21 16 14.560219778561036
21 17 10.63014581273465
21 18 5.0990195135927845
21 19 13.601470508735444
21 20 19.849433241279208
21 21 0.0
21 22 20.615528128088304
21 23 13.341664064126334
21 24 16.55294535724685
21 25 4.242640687119285
21 26 18.439088914585774
21 27 10.0
21 28 25.0
21 29 22.02271554554524
21 30 11.704699910719626
21 31 30.805843601498726
21 32 27.202941017470888
21 33 29.832867780352597
21 34 22.02271554554524
21 35 18.867962264113206
21 36 35.34119409414458
21 37 32.7566787083184
21 38 29.206163733020468
21 39 5.385164807134504
21 40 6.0
22 1 43.41658669218482
22 2 26.68332812825267
22 3 45.48626166217664
22 4 22.825424421026653
22 5 29.068883707497267
22 6 34.0
22 7 35.17101079013795
22 8 40.311288741492746
22 9 19.6468827043885
22 10 18.601075237738275
22 11 35.38361202590826
22 12 36.61966684720111
22 13 23.021728866442675
22 14 29.614185789921695
22 15 46.75467891024384
22 16 34.0147027033899
22 17 16.97056274847714
22 18 16.15549442140351
22 19 24.08318915758459
22 20 38.58756276314948
22 21 20.615528128088304
22 22 0.0
22 23 7.280109889280518
22 24 37.0
22 25 18.788294228055936
22 26 33.24154027718932
22 27 11.180339887498949
22 28 20.0
22 29 22.80350850198276
22 30 32.28002478313795
22 31 30.066592756745816
22 32 33.24154027718932
22 33 28.0178514522438
22 34 34.20526275297414
22 35 23.259406699226016
22 36 37.33630940518894
22 37 45.803929962395145
22 38 28.071337695236398
22 39 22.0
22 40 22.825424421026653
23 1 36.796738985948195
23 2 19.4164878389476
23 3 40.24922359499622
23 4 18.439088914585774
23 5 22.0
23 6 32.7566787083184
23 7 27.892651361962706
23 8 34.058772731852805
23 9 17.11724276862369
23 10 13.601470508735444
23 11 29.410882339705484
23 12 29.832867780352597
23 13 16.278820596099706
23 14 27.018512172212592
23 15 40.311288741492746
23 16 27.018512172212592
23 17 11.180339887498949
23 18 8.94427190999916
23 19 18.35755975068582
23 20 31.622776601683793
23 21 13.341664064126334
23 22 7.280109889280518
23 23 0.0
23 24 29.732137494637012
23 25 11.661903789690601
23 26 27.018512172212592
23 27 4.242640687119285
23 28 19.313207915827967
23 29 20.024984394500787
23 30 25.0
23 31 28.442925306655784
23 32 29.427877939124322
23 33 26.68332812825267
23 34 28.653097563788805
23 35 19.235384061671343
23 36 35.05709628591621
23 37 40.311288741492746
23 38 26.476404589747453
23 39 15.132745950421556
23 40 15.811388300841896
24 1 15.033296378372908
24 2 10.816653826391969
24 3 27.85677655436824
24 4 25.298221281347036
24 5 11.661903789690601
24 6 41.340053217188775
24 7 3.1622776601683795
24 8 17.08800749063506
24 9 30.805843601498726
24 10 24.186773244895647
24 11 17.804493814764857
24 12 10.295630140987
24 13 16.0312195418814
24 14 33.61547262794322
24 15 19.0
24 16 11.045361017187261
24 17 23.0
24 18 20.8806130178211
24 19 19.924858845171276
24 20 8.246211251235321
24 21 16.55294535724685
24 22 37.0
24 23 29.732137494637012
24 24 0.0
24 25 18.439088914585774
24 26 15.556349186104045
24 27 25.96150997149434
24 28 35.90264614203248
24 29 30.675723300355934
24 30 5.0
24 31 37.589892258425
24 32 29.832867780352597
24 33 37.57658845611187
24 34 20.518284528683193
24 35 26.570660511172846
24 36 39.05124837953327
24 37 26.248809496813376
24 38 36.6742416417845
24 39 17.69180601295413
24 40 15.033296378372908
25 1 25.495097567963924
25 2 9.219544457292887
25 3 31.04834939252005
25 4 13.416407864998739
25 5 13.416407864998739
25 6 31.064449134018133
25 7 17.029386365926403
25 8 23.323807579381203
25 9 16.278820596099706
25 10 9.219544457292887
25 11 19.313207915827967
25 12 18.384776310850235
25 13 5.385164807134504
25 14 23.706539182259394
25 15 29.206163733020468
25 16 18.384776310850235
25 17 6.4031242374328485
25 18 2.8284271247461903
25 19 10.04987562112089
25 20 20.0
25 21 4.242640687119285
25 22 18.788294228055936
25 23 11.661903789690601
25 24 18.439088914585774
25 25 0.0
25 26 16.55294535724685
25 27 7.615773105863909
25 28 20.808652046684813
25 29 17.804493814764857
25 30 14.035668847618199
25 31 26.627053911388696
25 32 23.53720459187964
25 33 25.612496949731394
25 34 19.4164878389476
25 35 14.7648230602334
25 36 31.38470965295043
25 37 30.675723300355934
25 38 25.0
25 39 9.433981132056603
25 40 4.242640687119285
26 1 10.770329614269007
26 2 17.11724276862369
26 3 15.033296378372908
26 4 13.341664064126334
26 5 21.587033144922902
26 6 26.40075756488817
26 7 17.204650534085253
26 8 7.0710678118654755
26 9 19.4164878389476
26 10 15.264337522473747
26 11 3.0
26 12 6.324555320336759
26 13 11.180339887498949
26 14 18.973665961010276
26 15 13.601470508735444
26 16 24.166091947189145
26 17 16.278820596099706
26 18 19.235384061671343
26 19 9.433981132056603
26 20 9.486832980505138
26 21 18.439088914585774
26 22 33.24154027718932
26 23 27.018512172212592
26 24 15.556349186104045
26 25 16.55294535724685
26 26 0.0
26 27 22.80350850198276
26 28 24.186773244895647
26 29 18.027756377319946
26 30 15.652475842498529
26 31 23.08679276123039
26 32 14.422205101855956
26 33 23.53720459187964
26 34 5.0
26 35 14.142135623730951
26 36 23.600847442411894
26 37 14.317821063276353
26 38 22.561028345356956
26 39 23.08679276123039
26 40 12.649110640673518
27 1 32.55764119219941
27 2 16.0312195418814
27 3 36.24913792078372
27 4 15.033296378372908
27 5 19.235384061671343
27 6 30.675723300355934
27 7 24.331050121192877
27 8 29.832867780352597
27 9 14.866068747318506
27 10 10.04987562112089
27 11 25.238858928247925
27 12 25.612496949731394
27 13 12.041594578792296
27 14 24.331050121192877
27 15 36.069377593742864
27 16 24.331050121192877
27 17 7.280109889280518
27 18 5.0990195135927845
27 19 14.317821063276353
27 20 27.459060435491963
27 21 10.0
27 22 11.180339887498949
27 23 4.242640687119285
27 24 25.96150997149434
27 25 7.615773105863909
27 26 22.80350850198276
27 27 0.0
27 28 18.027756377319946
27 29 17.46424919657298
27 30 21.37755832643195
27 31 26.248809496813376
27 32 26.076809620810597
27 33 24.698178070456937
27 34 24.596747752497688
27 35 16.0
27 36 32.38826948140329
27 37 36.235341863986875
27 38 24.351591323771842
27 39 13.0
27 40 11.661903789690601
28 1 34.713109915419565
28 2 29.5296461204668
28 3 30.805843601498726
28 4 11.0
28 5 34.132096331752024
28 6 14.0
28 7 35.73513677041127
28 8 30.083217912982647
28 9 5.0990195135927845
28 10 12.083045973594572
28 11 24.73863375370596
28 12 30.01666203960727
28 13 20.248456731316587
28 14 10.816653826391969
28 15 36.68787265568828
28 16 38.948684188300895
28 17 14.422205101855956
28 18 20.518284528683193
28 19 16.1245154965971
28 20 33.0
28 21 25.0
28 22 20.0
28 23 19.313207915827967
28 24 35.90264614203248
28 25 20.808652046684813
28 26 24.186773244895647
28 27 18.027756377319946
28 28 0.0
28 29 6.324555320336759
28 30 32.89376840679705
28 31 10.198039027185569
28 32 16.278820596099706
28 33 8.06225774829855
28 34 22.135943621178654
28 35 10.04987562112089
28 36 17.72004514666935
28 37 31.906112267087632
28 38 8.246211251235321
28 39 29.732137494637012
28 40 21.93171219946131
29 1 28.442925306655784
29 2 25.612496949731394
29 3 24.839484696748443
29 4 5.385164807134504
29 5 30.479501308256342
29 6 13.416407864998739
29 7 30.870698080866262
29 8 23.769728648009426
29 9 3.1622776601683795
29 10 8.602325267042627
29 11 18.439088914585774
29 12 24.020824298928627
29 13 15.811388300841896
29 14 7.0
29 15 30.364452901377952
29 16 35.0
29 17 11.661903789690601
29 18 18.35755975068582
29 19 10.770329614269007
29 20 27.073972741361768
29 21 22.02271554554524
29 22 22.80350850198276
29 23 20.024984394500787
29 24 30.675723300355934
29 25 17.804493814764857
29 26 18.027756377319946
29 27 17.46424919657298
29 28 6.324555320336759
29 29 0.0
29 30 28.178005607210743
29 31 8.94427190999916
29 32 10.816653826391969
29 33 7.810249675906654
29 34 15.811388300841896
29 35 4.123105625617661
29 36 15.033296378372908
29 37 25.80697580112788
29 38 7.211102550927978
29 39 27.202941017470888
29 40 17.804493814764857
30 1 18.24828759089466
30 2 5.830951894845301
30 3 29.614185789921695
30 4 22.825424421026653
30 5 7.280109889280518
30 6 39.824615503479755
30 7 3.0
30 8 19.1049731745428
30 9 27.85677655436824
30 10 20.8806130178211
30 11 18.384776310850235
30 12 12.041594578792296
30 13 12.649110640673518
30 14 32.01562118716424
30 15 22.360679774997898
30 16 8.54400374531753
30 17 19.235384061671343
30 18 16.278820596099706
30 19 17.4928556845359
30 20 11.180339887498949
30 21 11.704699910719626
30 22 32.28002478313795
30 23 25.0
30 24 5.0
30 25 14.035668847618199
30 26 15.652475842498529
30 27 21.37755832643195
30 28 32.89376840679705
30 29 28.178005607210743
30 30 0.0
30 31 35.805027579936315
30 32 29.068883707497267
30 33 35.510561809129406
30 34 20.591260281974
30 35 24.186773244895647
30 36 38.2099463490856
30 37 28.284271247461902
30 38 34.66987164671943
30 39 12.727922061357855
30 40 11.180339887498949
31 1 32.14031735997639
31 2 33.94112549695428
31 3 24.351591323771842
31 4 13.45362404707371
31 5 38.897300677553446
31 6 4.47213595499958
31 7 38.27531841800928
31 8 27.073972741361768
31 9 11.40175425099138
31 10 17.4928556845359
31 11 22.360679774997898
31 12 29.410882339705484
31 13 24.041630560342615
31 14 4.123105625617661
31 15 33.015148038438355
31 16 43.18564576337837
31 17 20.591260281974
31 18 27.294688127912362
31 19 18.439088914585774
31 20 32.57299494980466
31 21 30.805843601498726
31 22 30.066592756745816
31 23 28.442925306655784
31 24 37.589892258425
31 25 26.627053911388696
31 26 23.08679276123039
31 27 26.248809496813376
31 28 10.198039027185569
31 29 8.94427190999916
31 30 35.805027579936315
31 31 0.0
31 32 10.04987562112089
31 33 2.23606797749979
31 34 19.235384061671343
31 35 12.041594578792296
31 36 7.615773105863909
31 37 25.96150997149434
31 38 2.0
31 39 36.05551275463989
31 40 26.1725046566048
32 1 22.360679774997898
32 2 28.653097563788805
32 3 14.7648230602334
32 4 11.045361017187261
32 5 33.61547262794322
32 6 12.36931687685298
32 7 31.11269837220809
32 8 17.26267650163207
32 9 13.892443989449804
32 10 16.0312195418814
32 11 13.0
32 12 20.591260281974
32 13 19.313207915827967
32 14 6.324555320336759
32 15 23.0
32 16 37.20215047547655
32 17 19.0
32 18 25.179356624028344
32 19 13.601470508735444
32 20 23.706539182259394
32 21 27.202941017470888
32 22 33.24154027718932
32 23 29.427877939124322
32 24 29.832867780352597
32 25 23.53720459187964
32 26 14.422205101855956
32 27 26.076809620810597
32 28 16.278820596099706
32 29 10.816653826391969
32 30 29.068883707497267
32 31 10.04987562112089
32 32 0.0
32 33 11.40175425099138
32 34 9.848857801796104
32 35 10.198039027185569
32 36 9.219544457292887
32 37 16.15549442140351
32 38 10.44030650891055
32 39 32.57299494980466
32 40 21.540659228538015
33 1 33.015148038438355
33 2 33.301651610693426
33 3 26.0
33 4 12.806248474865697
33 5 38.2099463490856
33 6 6.082762530298219
33 7 38.07886552931954
33 8 28.0
33 9 9.848857801796104
33 10 16.401219466856727
33 11 23.08679276123039
33 12 29.832867780352597
33 13 23.430749027719962
33 14 5.0990195135927845
33 15 34.132096331752024
33 16 42.638011210655684
33 17 19.4164878389476
33 18 26.076809620810597
33 19 18.027756377319946
33 20 32.984845004941285
33 21 29.832867780352597
33 22 28.0178514522438
33 23 26.68332812825267
33 24 37.57658845611187
33 25 25.612496949731394
33 26 23.53720459187964
33 27 24.698178070456937
33 28 8.06225774829855
33 29 7.810249675906654
33 30 35.510561809129406
33 31 2.23606797749979
33 32 11.40175425099138
33 33 0.0
33 34 20.024984394500787
33 35 11.40175425099138
33 36 9.848857801796104
33 37 27.51363298439521
33 38 1.0
33 39 35.0
33 40 25.495097567963924
34 1 13.0
34 2 21.587033144922902
34 3 11.704699910719626
34 4 12.206555615733702
34 5 26.248809496813376
34 6 22.135943621178654
34 7 22.20360331117452
34 8 8.06225774829855
34 9 17.88854381999832
34 10 15.620499351813308
34 11 3.1622776601683795
34 12 10.816653826391969
34 13 14.142135623730951
34 14 15.132745950421556
34 15 14.560219778561036
34 16 29.068883707497267
34 17 17.4928556845359
34 18 21.840329667841555
34 19 10.295630140987
34 20 13.892443989449804
34 21 22.02271554554524
34 22 34.20526275297414
34 23 28.653097563788805
34 24 20.518284528683193
34 25 19.4164878389476
34 26 5.0
34 27 24.596747752497688
34 28 22.135943621178654
34 29 15.811388300841896
34 30 20.591260281974
34 31 19.235384061671343
34 32 9.848857801796104
34 33 20.024984394500787
34 34 0.0
34 35 12.529964086141668
34 36 18.867962264113206
34 37 11.661903789690601
34 38 19.026297590440446
34 39 27.018512172212592
34 40 16.0312195418814
35 1 24.73863375370596
35 2 21.93171219946131
35 3 22.67156809750927
35 4 1.4142135623730951
35 5 26.870057685088806
35 6 16.401219466856727
35 7 26.832815729997478
35 8 20.248456731316587
35 9 5.385164807134504
35 10 6.082762530298219
35 11 14.866068747318506
35 12 20.0
35 13 12.041594578792296
35 14 8.94427190999916
35 15 26.92582403567252
35 16 31.240998703626616
35 17 9.219544457292887
35 18 15.811388300841896
35 19 6.708203932499369
35 20 23.021728866442675
35 21 18.867962264113206
35 22 23.259406699226016
35 23 19.235384061671343
35 24 26.570660511172846
35 25 14.7648230602334
35 26 14.142135623730951
35 27 16.0
35 28 10.04987562112089
35 29 4.123105625617661
35 30 24.186773244895647
35 31 12.041594578792296
35 32 10.198039027185569
35 33 11.40175425099138
35 34 12.529964086141668
35 35 0.0
35 36 16.76305461424021
35 37 23.345235059857504
35 38 10.63014581273465
35 39 24.186773244895647
35 40 14.142135623730951
36 1 30.675723300355934
36 2 37.44329045369811
36 3 20.024984394500787
36 4 18.027756377319946
36 5 42.43819034784589
36 6 5.830951894845301
36 7 40.311288741492746
36 8 25.632011235952593
36 9 18.0
36 10 22.80350850198276
36 11 21.95449840010015
36 12 29.68164415931166
36 13 27.784887978899608
36 14 8.06225774829855
36 15 30.59411708155671
36 16 46.22769732530488
36 17 25.96150997149434
36 18 32.57299494980466
36 19 21.95449840010015
36 20 32.7566787083184
36 21 35.34119409414458
36 22 37.33630940518894
36 23 35.05709628591621
36 24 39.05124837953327
36 25 31.38470965295043
36 26 23.600847442411894
36 27 32.38826948140329
36 28 17.72004514666935
36 29 15.033296378372908
36 30 38.2099463490856
36 31 7.615773105863909
36 32 9.219544457292887
36 33 9.848857801796104
36 34 18.867962264113206
36 35 16.76305461424021
36 36 0.0
36 37 22.0
36 38 9.486832980505138
36 39 40.718546143004666
36 40 30.01666203960727
37 1 12.206555615733702
37 2 31.016124838541646
37 3 2.23606797749979
37 4 23.345235059857504
37 5 35.05709628591621
37 6 27.16615541441225
37 7 28.861739379323623
37 8 9.219544457292887
37 9 28.42534080710379
37 10 27.202941017470888
37 11 11.40175425099138
37 12 16.278820596099706
37 13 25.298221281347036
37 14 22.47220505424423
37 15 10.0
37 16 36.6742416417845
37 17 29.154759474226502
37 18 33.24154027718932
37 19 21.95449840010015
37 20 18.027756377319946
37 21 32.7566787083184
37 22 45.803929962395145
37 23 40.311288741492746
37 24 26.248809496813376
37 25 30.675723300355934
37 26 14.317821063276353
37 27 36.235341863986875
37 28 31.906112267087632
37 29 25.80697580112788
37 30 28.284271247461902
37 31 25.96150997149434
37 32 16.15549442140351
37 33 27.51363298439521
37 34 11.661903789690601
37 35 23.345235059857504
37 36 22.0
37 37 0.0
37 38 26.570660511172846
37 39 37.33630940518894
37 40 26.92582403567252
38 1 32.01562118716424
38 2 32.55764119219941
38 3 25.079872407968907
38 4 12.041594578792296
38 5 37.48332962798263
38 6 6.324555320336759
38 7 37.21558813185679
38 8 27.0
38 9 9.486832980505138
38 10 15.811388300841896
38 11 22.090722034374522
38 12 28.861739379323623
38 13 22.67156809750927
38 14 4.123105625617661
38 15 33.13608305156178
38 16 41.86884283091664
38 17 18.867962264113206
38 18 25.553864678361276
38 19 17.204650534085253
38 20 32.01562118716424
38 21 29.206163733020468
38 22 28.071337695236398
38 23 26.476404589747453
38 24 36.6742416417845
38 25 25.0
38 26 22.561028345356956
38 27 24.351591323771842
38 28 8.246211251235321
38 29 7.211102550927978
38 30 34.66987164671943
38 31 2.0
38 32 10.44030650891055
38 33 1.0
38 34 19.026297590440446
38 35 10.63014581273465
38 36 9.486832980505138
38 37 26.570660511172846
38 38 0.0
38 39 34.40930106817051
38 40 24.758836806279895
39 1 29.546573405388315
39 2 7.211102550927978
39 3 38.118237105091836
39 4 22.825424421026653
39 5 7.280109889280518
39 6 40.496913462633174
39 7 15.0
39 8 28.861739379323623
39 9 25.495097567963924
39 10 18.601075237738275
39 11 26.076809620810597
39 12 22.47220505424423
39 13 13.341664064126334
39 14 33.12099032335839
39 15 33.61547262794322
39 16 12.041594578792296
39 17 15.620499351813308
39 18 9.219544457292887
39 19 18.973665961010276
39 20 22.825424421026653
39 21 5.385164807134504
39 22 22.0
39 23 15.132745950421556
39 24 17.69180601295413
39 25 9.433981132056603
39 26 23.08679276123039
39 27 13.0
39 28 29.732137494637012
39 29 27.202941017470888
39 30 12.727922061357855
39 31 36.05551275463989
39 32 32.57299494980466
39 33 35.0
39 34 27.018512172212592
39 35 24.186773244895647
39 36 40.718546143004666
39 37 37.33630940518894
39 38 34.40930106817051
39 39 0.0
39 40 11.180339887498949
40 1 21.2602916254693
40 2 7.810249675906654
40 3 27.459060435491963
40 4 12.727922061357855
40 5 12.727922061357855
40 6 30.479501308256342
40 7 14.142135623730951
40 8 19.235384061671343
40 9 17.0
40 10 9.848857801796104
40 11 15.524174696260024
40 12 14.142135623730951
40 13 2.23606797749979
40 14 22.80350850198276
40 15 25.0
40 16 17.204650534085253
40 17 8.06225774829855
40 18 7.0710678118654755
40 19 8.06225774829855
40 20 15.811388300841896
40 21 6.0
40 22 22.825424421026653
40 23 15.811388300841896
40 24 15.033296378372908
40 25 4.242640687119285
40 26 12.649110640673518
40 27 11.661903789690601
40 28 21.93171219946131
40 29 17.804493814764857
40 30 11.180339887498949
40 31 26.1725046566048
40 32 21.540659228538015
40 33 25.495097567963924
40 34 16.0312195418814
40 35 14.142135623730951
40 36 30.01666203960727
40 37 26.92582403567252
40 38 24.758836806279895
40 39 11.180339887498949
40 40 0.0
